#  C(50) D5h
 1 1 1 90 90 90
   1   1   0.50000   0.50000
C6     1  0.22746 -0.90789 -2.92464
C3     1 -0.92468 -0.10587 -2.91107
C3     1  1.33036 -0.05687 -2.75091
C4     1 -0.53244  1.22959 -2.74681
C4     1  0.86150  1.25988 -2.64780
C11    1  0.20537 -2.12740 -2.24063
C5     1 -2.06443 -0.56072 -2.23900
C5     1  2.38233 -0.46408 -1.92317
C7     1 -1.29012  2.06342 -1.91520
C7     1  1.45734  2.12312 -1.72006
C12    1 -0.93979 -2.55818 -1.56567
C10    1 -2.06439 -1.77631 -1.56312
C12    1  1.26124 -2.51035 -1.40934
C9     1 -2.79467  0.27824 -1.40212
C10    1  2.33934 -1.68061 -1.25034
C8     1 -2.40949  1.58491 -1.24083
C9     1  2.95005  0.40308 -0.99410
C13    1 -0.68369  2.90200 -0.98656
C8     1  2.48984  1.69138 -0.89285
C13    1  0.69012  2.93185 -0.88898
C18    1 -0.59085 -3.08867 -0.35874
C15    1 -2.68345 -1.64391 -0.35389
C18    1  0.76855 -3.05913 -0.26219
C14    1 -3.13308 -0.37803 -0.25445
C15    1  2.77505 -1.52529  0.03380
C16    1 -2.41769  2.04433  0.04423
C14    1  3.15098 -0.24147  0.19188
C17    1 -1.35166  2.85535  0.20109
C16    1  2.29655  2.14678  0.37907
C17    1  1.18500  2.91047  0.38126
C12    1 -1.10748 -2.80924  0.87206
C10    1 -2.23216 -2.02749  0.87582
C12    1  1.09355 -2.76141  1.02839
C9     1 -2.96249  0.02698  1.03754
C10    1  2.17157 -1.93179  1.18860
C8     1 -2.57727  1.33371  1.19839
C9     1  2.78223  0.15182  1.44556
C13    1 -0.85149  2.65077  1.45282
C8     1  2.32205  1.44017  1.54637
C13    1  0.52232  2.68063  1.55040
C11    1 -0.07045 -2.54036  1.76919
C5     1 -2.34075 -0.97441  1.77788
C5     1  2.10601 -0.87777  2.09371
C7     1 -1.56640  1.64979  2.10112
C7     1  1.18107  1.70949  2.29627
C3     1 -1.30903 -0.68131  2.67635
C6     1 -0.15828 -1.48540  2.68292
C3     1  0.94601 -0.63230  2.83652
C4     1 -0.91682  0.65410  2.84111
C4     1  0.47712  0.68439  2.94012
