  15.6134    15.6134   35.2061    90 90  120
   1 1 0.1 0.1 
C8     1  0.57676  0.33333  0.08333  
C9     1  0.57751  0.24417  0.08333   
C82    1  0.66667  0.24342  0.08333  
C92    1  0.75583  0.3333   0.08333 
C83    1  0.75658  0.42324  0.08333  
C93    1  0.6667   0.42249  0.08333  
C4     1  0.48169  0.33333  0.08333   
C42    1  0.66667  0.14835  0.08333  
C43    1  0.85165  0.51831  0.08333  
C3     1  0.40548  0.27194  0.10828    
C36    1  0.4669   0.39473  0.05839    
C32    1  0.72806  0.1335   0.10828   
C34    1  0.60527  0.07215  0.05839  
C33    1  0.8665   0.59452  0.10828    
C35    1  0.92785  0.5331   0.05839  
