# C(280) I  from Rudolf Hundt - Bonn
 1 1 1 90 90 90
   1   1   0.50000   0.50000
C1     1 -2.94363 -4.77961 -5.06285
C2     1 -3.32909 -5.52170 -3.94379
C3     1 -2.23645 -6.29312 -3.54094
C4     1 -1.17614 -6.02678 -4.40831
C5     1 -1.61336 -5.09176 -5.34863
C6     1  3.34021 -4.45072 -5.00471
C7     1  2.48278 -5.47748 -4.41602
C8     1  1.12298 -5.49633 -4.91591
C9     1  0.18150 -6.25886 -4.10377
C10    1  0.43938 -6.89144 -2.80752
C11    1  1.83880 -6.91591 -2.35877
C12    1 -4.40811 -5.19347 -3.10273
C13    1 -4.35511 -5.78818 -1.76794
C14    1 -3.18888 -6.60208 -1.32582
C15    1  1.56258 -3.44680 -6.42069
C16    1  0.97850 -2.25506 -7.03328
C17    1 -0.48790 -2.06146 -7.15233
C18    1 -3.59751 -3.60416 -5.48773
C19    1  0.67318 -4.48883 -5.90837
C20    1 -1.40187 -3.06943 -6.65445
C21    1 -0.76276 -4.26232 -6.10559
C22    1 -2.80906 -2.71790 -6.34779
C23    1 -3.36754 -1.38166 -6.59744
C24    1 -0.14915  0.29510 -7.55201
C25    1  1.23414  0.12543 -7.45565
C26    1 -1.08180 -0.74741 -7.37009
C27    1 -0.43053  1.64946 -7.36415
C28    1  1.80574  1.37616 -7.21033
C29    1  1.86907 -1.09594 -7.16492
C30    1  0.77718  2.31759 -7.15286
C31    1 -2.44430 -0.32530 -7.03505
C32    1 -1.69248  2.13680 -6.97116
C33    1 -2.73164  1.11759 -6.85255
C34    1  3.23174 -0.97704 -6.64807
C35    1  3.07824  1.57154 -6.63836
C36    1  0.87970  3.57375 -6.51933
C37    1  3.84488  0.35188 -6.37239
C38    1 -1.68924  3.47514 -6.37035
C39    1 -0.39911  4.17933 -6.16530
C40    1 -3.92651  1.54262 -6.15194
C41    1  3.77193 -2.16466 -6.05660
C42    1  3.28349  2.89085 -6.04400
C43    1  2.19663  3.89584 -5.96358
C44    1  2.94371 -3.39710 -5.94210
C45    1 -4.55006 -0.97902 -5.82330
C46    1 -4.80478  0.46037 -5.72271
C47    1 -2.91159  3.86533 -5.66826
C48    1 -4.00857  2.90445 -5.56824
C49    1  5.00752  0.49958 -5.49749
C50    1 -0.31078  5.29601 -5.24632
C51    1  4.96907 -1.97151 -5.23947
C52    1  4.44535  2.99849 -5.18506
C53    1  2.26642  5.07440 -5.08810
C54    1 -5.27311 -1.90758 -4.92176
C55    1  5.29525  1.81151 -4.91837
C56    1  5.58830 -0.69067 -4.87890
C57    1 -5.78969  0.84014 -4.78704
C58    1 -2.86302  4.99005 -4.73464
C59    1 -4.78122 -3.25401 -4.71114
C60    1  1.00064  5.70677 -4.69027
C61    1 -1.57397  5.67606 -4.61715
C62    1 -5.02165  3.18736 -4.54471
C63    1  5.31217 -3.06197 -4.41936
C64    1  4.46398  4.17500 -4.32314
C65    1  4.54712 -4.22592 -4.31377
C66    1 -5.88723  2.12129 -4.23866
C67    1  3.40029  5.16904 -4.15766
C68    1 -6.45369 -0.04415 -3.93506
C69    1 -6.21735 -1.43273 -3.91398
C70    1  6.20588  1.82065 -3.76824
C71    1 -3.89740  5.18257 -3.68061
C72    1  6.45927 -0.61717 -3.67974
C73    1 -4.98481  4.25912 -3.55067
C74    1 -5.19470 -4.02390 -3.51185
C75    1 -1.44337  6.53750 -3.51015
C76    1  1.03935  6.54255 -3.48741
C77    1  6.12349 -2.97507 -3.28544
C78    1  5.41675  4.12453 -3.28416
C79    1  2.82003 -6.14621 -3.13665
C80    1  4.88326 -4.85675 -3.11519
C81    1  6.76547  0.66342 -3.07514
C82    1 -6.61347  2.02683 -3.04917
C83    1  6.23202  3.01992 -3.02964
C84    1 -0.21606  6.94205 -2.98328
C85    1  3.35812  5.98757 -2.92237
C86    1 -6.96263  0.68882 -2.86112
C87    1  6.70216 -1.77377 -2.82524
C88    1 -6.62025 -2.11940 -2.68178
C89    1  2.14197  6.67730 -2.54216
C90    1 -2.41494  6.70382 -2.52039
C91    1 -3.65062  6.03117 -2.51566
C92    1 -6.09961 -3.47460 -2.50384
C93    1  5.85734 -4.08381 -2.48008
C94    1  4.06380 -5.79130 -2.44818
C95    1 -5.74641  4.16167 -2.27456
C96    1 -2.07437 -6.83031 -2.24876
C97    1  5.35758  4.89305 -2.12080
C98    1 -6.56604  2.97668 -2.00989
C99    1 -0.69845 -7.18065 -1.90229
C100   1  4.33128  5.81791 -1.84527
C101   1  6.67683  3.10498 -1.70917
C102   1  7.22822  0.73556 -1.66856
C103   1 -0.42870  7.36005 -1.66811
C104   1 -7.30880  0.12180 -1.61674
C105   1 -7.17326 -1.32910 -1.55397
C106   1  7.10308 -1.76453 -1.41598
C107   1 -1.78708  7.21388 -1.38144
C108   1 -4.31958  5.94829 -1.21197
C109   1 -6.12766 -4.07395 -1.17004
C110   1  6.13502  4.26302 -1.14617
C111   1  1.92906  7.10609 -1.13747
C112   1 -5.42075  4.99186 -1.11536
C113   1  6.14265 -4.13305 -1.10145
C114   1  4.36631 -5.95893 -1.03121
C115   1  7.14795  2.01151 -0.95279
C116   1  2.09336 -7.09467 -0.92226
C117   1  7.47279 -0.45987 -0.84947
C118   1 -5.25663 -5.22611 -0.80700
C119   1 -7.00213  2.47753 -0.70734
C120   1  0.57356  7.43202 -0.68081
C121   1  6.82689 -2.95463 -0.57624
C122   1 -0.46864 -7.42792 -0.49326
C123   1 -7.36288  1.05622 -0.48942
C124   1  4.15852  6.16713 -0.43310
C125   1  5.38828 -5.13445 -0.33970
C126   1  3.35203 -6.66025 -0.27050
C127   1 -7.21510 -1.88765 -0.21772
C128   1 -6.73420 -3.26363 -0.11102
C129   1  0.93341 -7.42749 -0.09119
C130   1  2.91666  6.85804 -0.08750
C131   1 -2.32308  7.11646 -0.08030
C132   1 -3.64651  6.50741 -0.01348
C133   1 -2.91711 -6.85784  0.08830
C134   1 -5.88005  4.57093  0.20796
C135   1  5.98873  4.48444  0.23548
C136   1 -6.66277  3.32737  0.41600
C137   1 -1.57073 -7.26683  0.48746
C138   1  7.10744  2.21052  0.49138
C139   1 -4.97645 -5.56049  0.58865
C140   1  5.00001  5.49889  0.59808
C141   1  7.42309 -0.30977  0.61161
C142   1  0.07943  7.42840  0.69342
C143   1 -7.47274  0.45986  0.84947
C144   1  6.83897 -2.84909  0.86873
C145   1 -7.32418 -0.99799  0.96311
C146   1 -1.35831  7.25954  1.01312
C147   1 -3.81748 -6.30334  1.09752
C148   1  6.52193  3.42854  1.10425
C149   1  5.42137 -4.99116  1.11553
C150   1  3.46869 -6.52599  1.18012
C151   1 -6.48212 -3.69767  1.20527
C152   1  7.28150  1.00665  1.27854
C153   1  1.14288 -7.35780  1.30203
C154   1  2.49025  6.89871  1.31007
C155   1 -4.07060  6.11312  1.31463
C156   1 -5.21060  5.20110  1.35114
C157   1  7.19566 -1.53287  1.38564
C158   1 -5.65496 -4.77332  1.53700
C159   1  6.14105 -3.86103  1.69993
C160   1  1.08757  7.18032  1.70402
C161   1 -6.77119  2.68884  1.72288
C162   1  2.33007 -6.93526  1.90166
C163   1 -1.25270 -7.12737  1.91278
C164   1  4.41570 -5.68655  1.91807
C165   1  4.61172  5.51540  1.97686
C166   1 -7.06619  1.28044  1.99912
C167   1  0.11510 -7.21938  2.23698
C168   1  3.39582  6.26952  2.27860
C169   1 -6.96588 -1.51550  2.28626
C170   1 -6.59216 -2.87508  2.32722
C171   1 -1.83881  6.91596  2.35879
C172   1 -3.16017  6.28279  2.47227
C173   1  6.10005  3.47440  2.50303
C174   1 -3.41379 -6.13683  2.51573
C175   1 -5.42696  4.57699  2.59538
C176   1  6.89650  1.12808  2.68201
C177   1  6.91046 -1.34289  2.75397
C178   1 -6.15521  3.39919  2.77444
C179   1 -5.25545 -4.61589  2.86635
C180   1  5.15803  4.50891  2.92896
C181   1 -2.08782 -6.52747  2.94980
C182   1  0.56534  6.82732  3.01915
C183   1  5.81984 -3.54541  3.09678
C184   1  2.03641 -6.53402  3.20705
C185   1 -6.65655  0.69467  3.29789
C186   1  4.09974 -5.27333  3.31356
C187   1  6.26192  2.28014  3.33179
C188   1 -5.83431 -3.44268  3.35343
C189   1  6.76729 -0.09652  3.36619
C190   1 -0.83458  6.59105  3.38139
C191   1  0.66631 -6.71113  3.41451
C192   1 -4.11579 -5.23466  3.42137
C193   1 -6.56751 -0.74267  3.45735
C194   1  6.26576 -2.29109  3.55201
C195   1  2.84903  6.03200  3.55296
C196   1 -4.58536  4.73763  3.69749
C197   1 -3.42095  5.53378  3.70426
C198   1  1.52225  6.29053  3.90566
C199   1  4.78246 -4.16835  3.91772
C200   1  2.85243 -5.67311  3.96358
C201   1 -5.76402  2.83145  3.98777
C202   1 -1.51473 -5.97075  4.19857
C203   1  4.47730  4.27603  4.20505
C204   1 -5.94049  1.47100  4.30811
C205   1 -0.06780 -6.04396  4.41736
C206   1  3.36099  5.09775  4.45646
C207   1 -5.34458 -2.73621  4.46946
C208   1  6.03581 -0.27307  4.54237
C209   1 -5.74969 -1.32845  4.54840
C210   1 -4.79268  3.65726  4.55853
C211   1 -1.14522  5.77695  4.58078
C212   1  5.49993  2.07972  4.58939
C213   1 -3.58458 -4.60871  4.63497
C214   1  5.72676 -1.62907  4.65765
C215   1 -2.46225  5.19744  4.75052
C216   1  1.21564  5.51452  5.02484
C217   1  4.55542  3.08073  5.04237
C218   1  2.18710 -4.99170  5.08028
C219   1 -2.26643 -5.07443  5.08813
C220   1  4.19372 -3.46516  5.09113
C221   1 -4.21839 -3.37094  5.14880
C222   1  5.33603  0.76314  5.19534
C223   1  0.73404 -5.20093  5.29670
C224   1  2.35155  4.77734  5.36525
C225   1 -5.07458  0.95528  5.37125
C226   1 -0.09854  5.17788  5.40437
C227   1  4.67132 -2.12675  5.44691
C228   1 -5.00696 -0.50019  5.49795
C229   1 -3.87364  3.22678  5.53293
C230   1 -2.66172  4.04430  5.66292
C231   1  2.91098 -3.86603  5.66810
C232   1 -1.49861 -4.19296  5.97876
C233   1 -4.04963  1.84645  5.98221
C234   1  3.48450  2.72040  6.00207
C235   1 -3.50912 -2.51881  6.08155
C236   1  4.26887  0.33169  6.10195
C237   1 -0.02465 -4.27607  6.11415
C238   1  2.32040  3.59937  6.14064
C239   1  3.96088 -1.11329  6.22417
C240   1 -3.90508 -1.09857  6.24926
C241   1 -0.21874  4.00576  6.27834
C242   1 -1.56315  3.44740  6.42023
C243   1 -2.19941 -3.01260  6.49107
C244   1  2.18101 -2.91162  6.50210
C245   1  3.36752  1.38165  6.59740
C246   1  0.99917  3.24051  6.64362
C247   1  0.76043 -3.20485  6.72146
C248   1 -2.95405  1.29526  6.72247
C249   1  2.69557 -1.54777  6.78051
C250   1 -2.96450 -0.15933  6.87146
C251   1 -1.71400  2.08994  6.94324
C252   1  2.04953  0.96993  7.10111
C253   1 -1.38897 -2.05767  7.13995
C254   1  0.89027  1.89196  7.16213
C255   1  1.82770 -0.47129  7.24463
C256   1  0.00015 -2.14264  7.24885
C257   1 -1.75363 -0.72072  7.31648
C258   1 -0.47795  1.40818  7.33496
C259   1  0.49477 -0.86004  7.49361
C260   1 -0.58884  0.01831  7.53633
