    1.000    1.000    1.000   90.000   90.000   90.000
 1 1   0.500   0.500
PT1    1  0.00000  0.00000 -1.96536  0.00000  0.00000  0.00000
PT2    1  0.00000  0.00000  1.96536  0.00000  0.00000  0.00000
PT3    1  0.37380  1.95281  0.00000  0.00000  0.00000  0.00000
PT4    1 -0.37380 -1.95281  0.00000  0.00000  0.00000  0.00000
PT5    1 -1.95281  0.37380  0.00000  0.00000  0.00000  0.00000
PT6    1  1.95281 -0.37380  0.00000  0.00000  0.00000  0.00000
PT7    1  2.29627  1.56545 -1.94759  0.00000  0.00000  0.00000
PT8    1 -2.29627 -1.56545  1.94759  0.00000  0.00000  0.00000
PT9    1 -2.29627 -1.56545 -1.94759  0.00000  0.00000  0.00000
PT10   1  2.29627  1.56545  1.94759  0.00000  0.00000  0.00000
PT11   1 -1.56545  2.29627 -1.94759  0.00000  0.00000  0.00000
PT12   1 -1.56545  2.29627  1.94759  0.00000  0.00000  0.00000
PT13   1  1.56545 -2.29627 -1.94759  0.00000  0.00000  0.00000
PT14   1  1.56545 -2.29627  1.94759  0.00000  0.00000  0.00000
PT15   1  0.38704  1.95119 -3.96959  0.00000  0.00000  0.00000
PT16   1 -0.38704 -1.95119  3.96959  0.00000  0.00000  0.00000
PT17   1 -0.38704 -1.95119 -3.96959  0.00000  0.00000  0.00000
PT18   1  0.38704  1.95119  3.96959  0.00000  0.00000  0.00000
PT19   1 -1.95119  0.38704 -3.96959  0.00000  0.00000  0.00000
PT20   1 -1.95119  0.38704  3.96959  0.00000  0.00000  0.00000
PT21   1  1.95119 -0.38704 -3.96959  0.00000  0.00000  0.00000
PT22   1  1.95119 -0.38704  3.96959  0.00000  0.00000  0.00000
PT23   1 -1.21670  4.30183  0.00000  0.00000  0.00000  0.00000
PT24   1  1.21670 -4.30183  0.00000  0.00000  0.00000  0.00000
PT25   1 -4.30183 -1.21670  0.00000  0.00000  0.00000  0.00000
PT26   1  4.30183  1.21670  0.00000  0.00000  0.00000  0.00000
PT27   1  0.76285  3.93048 -1.99182  0.00000  0.00000  0.00000
PT28   1 -0.76285 -3.93048  1.99182  0.00000  0.00000  0.00000
PT29   1 -0.76285 -3.93048 -1.99182  0.00000  0.00000  0.00000
PT30   1  0.76285  3.93048  1.99182  0.00000  0.00000  0.00000
PT31   1 -3.93048  0.76285 -1.99182  0.00000  0.00000  0.00000
PT32   1 -3.93048  0.76285  1.99182  0.00000  0.00000  0.00000
PT33   1  3.93048 -0.76285 -1.99182  0.00000  0.00000  0.00000
PT34   1  3.93048 -0.76285  1.99182  0.00000  0.00000  0.00000
PT35   1  2.67584  3.56230  0.00000  0.00000  0.00000  0.00000
PT36   1 -2.67584 -3.56230  0.00000  0.00000  0.00000  0.00000
PT37   1 -3.56230  2.67584  0.00000  0.00000  0.00000  0.00000
PT38   1  3.56230 -2.67584  0.00000  0.00000  0.00000  0.00000
O1     1  4.16170  2.77404 -3.49923  0.00000  0.00000  0.00000
O2     1 -4.16170 -2.77404  3.49923  0.00000  0.00000  0.00000
O3     1 -4.16170 -2.77404 -3.49923  0.00000  0.00000  0.00000
O4     1  4.16170  2.77404  3.49923  0.00000  0.00000  0.00000
O5     1 -2.77404  4.16170 -3.49923  0.00000  0.00000  0.00000
O6     1 -2.77404  4.16170  3.49923  0.00000  0.00000  0.00000
O7     1  2.77404 -4.16170 -3.49923  0.00000  0.00000  0.00000
O8     1  2.77404 -4.16170  3.49923  0.00000  0.00000  0.00000
C1     1  3.23126  2.47868 -2.84755  0.00000  0.00000  0.00000
C2     1 -3.23126 -2.47868  2.84755  0.00000  0.00000  0.00000
C3     1 -3.23126 -2.47868 -2.84755  0.00000  0.00000  0.00000
C4     1  3.23126  2.47868  2.84755  0.00000  0.00000  0.00000
C5     1 -2.47868  3.23126 -2.84755  0.00000  0.00000  0.00000
C6     1 -2.47868  3.23126  2.84755  0.00000  0.00000  0.00000
C7     1  2.47868 -3.23126 -2.84755  0.00000  0.00000  0.00000
C8     1  2.47868 -3.23126  2.84755  0.00000  0.00000  0.00000
