# Oh
  1.00000  1.00000  1.00000 90.00000 90.00000 90.00000
 1  1  1.000000  1.000000
NI  1  1  -.54896 -1.35346 -1.49544
NI  2  1   .18274 -1.93574   .70525
NI  3  1  1.23748   .24617 -1.64646
NI  4  1 -1.96509   .33763  -.55563
NI  5  1 -2.05011 -2.76230  1.82284
NI  6  1  3.61523  1.09508  -.89943
NI  7  1 -3.12159 -1.89836 -1.36903
NI  8  1 -1.55336 -3.56180  -.43850
NI  9  1  2.07559 -2.08649  2.50364
NI 10  1 -2.35656  -.29166 -3.08341
NI 11  1  -.02867  -.36685 -3.88025
NI 12  1  -.24898 -2.00217  3.31565
NI 13  1  1.54032 -2.03024 -2.97247
NI 14  1   .75720 -3.60523 -1.26010
NI 15  1  2.58158 -2.89619   .22698
NI 16  1  3.35227 -1.29068 -1.47332
 O 17  1 -4.79736 -2.98636  2.75414
 O 18  1  5.95051  1.80939   .66223
 O 19  1 -3.71217 -4.64539 -2.08418
 O 20  1 -1.88332 -5.64894  1.57203
 O 21  1  4.32022 -1.52753  4.21941
 O 22  1 -2.03888 -1.04704 -5.87345
 O 23  1  1.03802  1.27825 -6.00961
 O 24  1  1.37733 -4.12581  4.42829
 O 25  1  1.35333 -4.81958 -3.83415
 O 26  1  2.32744 -5.77029  -.19341
 O 27  1  5.31564 -3.28139  -.66224
 O 28  1  4.19606 -2.02726 -4.12813
 O 29  1 -2.07491 -3.90180  4.45924
 O 30  1  5.90584  -.14444 -2.11667
 O 31  1 -4.64144 -1.87612 -3.81713
 O 32  1  -.71757 -6.07437 -1.58441
 O 33  1  3.92678 -4.31361  2.34412
 O 34  1  1.31449 -1.98933 -5.84405
 C 35  1  -.69181   .55630 -2.09192
 C 36  1  1.35039 -1.60625  -.90516
 C 37  1 -1.70278 -1.51392   .15163
 C 38  1 -3.93029 -2.52390  2.14761
 C 39  1  4.81611  1.65679   .48584
 C 40  1 -3.11893 -3.79483 -1.56275
 C 41  1 -1.87278 -4.56459  1.16664
 C 42  1  3.40881 -1.24889  3.57884
 C 43  1 -1.66425  -.76440 -4.82285
 C 44  1   .61308  1.07440 -4.94509
 C 45  1  1.16468 -3.20889  3.75987
 C 46  1  1.25359 -3.93855 -3.08681
 C 47  1  2.03447 -4.67386  -.34040
 C 48  1  4.29478 -2.75549  -.63748
 C 49  1  3.41846 -1.88406 -3.29415
 C 50  1 -1.66776 -3.24189  3.60824
 C 51  1  4.84834  -.12790 -1.70355
 C 52  1 -3.80731 -1.53591 -3.12704
 C 53  1  -.58967 -4.95791 -1.27805
 C 54  1  3.25086 -3.50275  1.90160
 C 55  1  1.06349 -1.66440 -4.77025
NI 56  1 -1.23748  -.24617  1.64645
NI 57  1   .54897  1.35345  1.49544
NI 58  1  -.18274  1.93573  -.70525
NI 59  1  2.05011  2.76229 -1.82284
NI 60  1  1.96509  -.33764   .55562
NI 61  1  3.12160  1.89835  1.36902
NI 62  1 -3.61523 -1.09509   .89943
NI 63  1   .02867   .36684  3.88025
NI 64  1  1.55336  3.56179   .43849
NI 65  1 -2.07558  2.08648 -2.50364
NI 66  1  -.75719  3.60522  1.26010
NI 67  1  2.35656   .29165  3.08340
NI 68  1 -1.54032  2.03023  2.97246
NI 69  1   .24899  2.00217 -3.31565
 C 70  1  1.70279  1.51392  -.15164
 C 71  1   .69182  -.55630  2.09191
NI 72  1 -3.35226  1.29067  1.47331
 C 73  1 -1.35038  1.60624   .90515
NI 74  1 -2.58157  2.89618  -.22699
 C 75  1 -4.29478  2.75549   .63748
 C 76  1 -2.03446  4.67385   .34040
 C 77  1 -1.25358  3.93854  3.08681
 C 78  1 -3.41846  1.88406  3.29414
 C 79  1 -4.84834   .12790  1.70355
 C 80  1 -4.81611 -1.65680  -.48585
 C 81  1  3.93030  2.52390 -2.14762
 C 82  1  1.87279  4.56459 -1.16665
 C 83  1  3.11893  3.79483  1.56274
 C 84  1  3.80732  1.53590  3.12704
 C 85  1  -.61307 -1.07440  4.94508
 C 86  1  1.66425   .76440  4.82285
 O 87  1  2.03889  1.04703  5.87345
 C 88  1 -1.06348  1.66439  4.77024
 O 89  1 -1.31448  1.98933  5.84405
 O 90  1 -1.03802 -1.27825  6.00961
 O 91  1  4.64145  1.87611  3.81712
 O 92  1  3.71218  4.64538  2.08417
 C 93  1   .58967  4.95790  1.27805
 O 94  1   .71757  6.07436  1.58440
 O 95  1  1.88333  5.64893 -1.57203
 C 96  1  1.66776  3.24188 -3.60824
 O 97  1  2.07491  3.90179 -4.45925
 O 98  1  4.79736  2.98636 -2.75415
 C 99  1 -3.40881  1.24888 -3.57885
 C100  1 -1.16467  3.20888 -3.75988
 O101  1 -1.37732  4.12581 -4.42830
 C102  1 -3.25085  3.50274 -1.90160
 O103  1 -3.92678  4.31360 -2.34412
 O104  1 -4.32022  1.52753 -4.21942
 O105  1 -5.95051 -1.80940  -.66224
 O106  1 -5.90584   .14443  2.11667
 O107  1 -4.19605  2.02725  4.12812
 O108  1 -1.35333  4.81957  3.83414
 O109  1 -2.32743  5.77029   .19341
 O110  1 -5.31563  3.28138   .66223
