#benzene D6h
 1.00000  1.00000  1.00000 90.00000 90.00000 90.00000
 1 1 .300000 .300000
C1     1   .00000 -1.61294   .00000
C2     1 -1.20003  -.90199   .00000
C3     1 -1.18751   .48167   .00000
C4     1   .00000  1.17367   .00000
C5     1  1.18751   .48167   .00000
C6     1  1.20003  -.90199   .00000
H1     1   .00000 -2.45000   .00000
H2     1 -2.02929 -1.37546   .00000
H3     1 -2.00875   .95868   .00000
H4     1  2.00875   .95800   .00000
H5     1  2.02929 -1.37500   .00000
H6     1   .00000  2.11300   .00000
