 17.314 6.898 14.110 90. 126.94 90.
1 1 .6 .8
# D4d
MN01   1  .06894   .73632    .22326 
MN01a  1 -.06894   .73632    .27674 
C01    1  .16145   .74496    .19989
C01a   1 -.16145   .74496    .30011
O01    1  .22114   .75172    .18793
O01a   1 -.22114   .75172    .31207
C02    1  .14901   .61916    .37068
C03    1  .02443   .49571    .15178
C04    1 -.02877   .84373    .07844
C05    1  .10136   .98120    .29166
C02a   1 -.14901   .61916    .12932
C03a   1 -.02443   .49571    .34822
C04a   1  .02877   .84373    .42156
C05a   1 -.10136   .98120    .20834
O02   -1  .19930   .54679    .46111
O03   -1 -.00293   .35176    .10241
O04   -1 -.08929   .90554   -.01172
O05   -1  .12107  1.13294    .33149
O02a  -1 -.19930   .54679    .03889
O03a  -1  .00293   .35176    .39759
O04a  -1  .08929   .90554    .51172
O05a  -1 -.12107  1.13294    .16851
