# C80_6 30.10.98 fron Rudolf Hundt
 1 1 1 90 90 90
   1   1   0.50000   0.50000
C5     1  0.29268  0.15704 -4.10611
C5     1 -1.13999  0.15704 -3.95553
C4     1  0.79371 -1.20602 -3.85821
C8     1  1.06184  1.27442 -3.70516
C4     1 -1.57854 -1.20602 -3.60888
C3     1 -0.37547 -2.06385 -3.57236
C8     1 -1.80898  1.27442 -3.40342
C12    1  0.37529  2.44666 -3.29331
C13    1  2.35623  1.06390 -3.21310
C7     1  2.01492 -1.41039 -3.20634
C12    1 -1.05181  2.44666 -3.14332
C11    1  2.84773 -0.28205 -2.93423
C7     1 -2.63753 -1.41039 -2.71735
C13    1 -2.97278  1.06390 -2.65300
C6     1 -0.27783 -3.11517 -2.64336
C10    1  2.15438 -2.55118 -2.37792
C11    1 -3.39556 -0.28205 -2.27803
C17    1  0.96224  3.31383 -2.27185
C16    1  2.91795  1.92845 -2.18038
C9     1  0.99526 -3.39326 -2.06999
C17    1 -1.41356  3.31383 -2.02214
C10    1 -2.60170 -2.55118 -1.87803
C9     1 -1.40389 -3.39326 -1.81783
C18    1  3.71592 -0.29060 -1.78034
C22    1  2.17412  2.99888 -1.61282
C16    1 -3.30752  1.92845 -1.52606
C19    1 -0.15943  3.88763 -1.51684
C20    1  3.75305  1.08833 -1.33045
C15    1  3.03028 -2.51605 -1.22379
C22    1 -2.46194  2.99888 -1.12555
C18    1 -4.00487 -0.29060 -0.96885
C23    1  3.72121 -1.34660 -0.84359
C14    1  1.12442 -3.90324 -0.72807
C15    1 -3.21850 -2.51605 -0.56702
C20    1 -3.94765  1.08833 -0.52107
C14    1 -1.25122 -3.90324 -0.47838
C21    1  2.35886 -3.34116 -0.24856
C22    1  2.32200  3.29958 -0.20589
C19    1 -0.01964  4.17188 -0.18688
C23    1 -3.81528 -1.34660 -0.05147
C20    1  3.89297  1.37285  0.00080
C24    1  0.01473 -4.09215  0.14009
C21    1 -2.35899 -3.34116  0.24731
C22    1 -2.31407  3.29958  0.28137
C17    1  1.25316  3.90541  0.49605
C23    1  3.86847 -1.04715  0.55750
C16    1  3.20869  2.51966  0.58576
C17    1 -1.12264  3.90541  0.74575
C20    1 -3.80773  1.37285  0.81017
C18    1  4.00474  0.29670  0.96756
C21    1  2.50104 -3.05205  1.10417
C16    1 -3.01678  2.51966  1.24009
C23    1 -3.66802 -1.04715  1.34961
C15    1  3.31734 -1.93233  1.50737
C24    1  0.16053 -3.79566  1.52733
C21    1 -2.21681 -3.05205  1.60003
C18    1 -3.71606  0.29670  1.77905
C12    1  0.91854  3.55135  1.87539
C13    1  2.90089  2.17147  1.96907
C14    1  1.41169 -3.31908  2.00512
C12    1 -0.50856  3.55135  2.02538
C15    1 -2.93144 -1.93233  2.16415
C11    1  3.38387  0.80818  2.16681
C14    1 -0.96395 -3.31908  2.25481
C13    1 -2.42811  2.17147  2.52917
C8     1  1.72250  2.61787  2.58062
C10    1  2.69083 -1.46032  2.72603
C11    1 -2.85942  0.80818  2.82301
C8     1 -1.14832  2.61787  2.88236
C9     1  1.53049 -2.30488  3.02237
C7     1  2.67058 -0.07713  3.03180
C10    1 -2.06525 -1.46032  3.22592
C9     1 -0.86866 -2.30488  3.27453
C7     1 -1.98187 -0.07713  3.52080
C5     1  1.09669  1.79198  3.54352
C6     1  0.38625 -1.76477  3.67494
C5     1 -0.33598  1.79198  3.69410
C4     1  1.59589  0.42518  3.77394
C4     1 -0.77637  0.42518  4.02327
C3     1  0.43076 -0.42440  4.09836
