# N-S(CH3)3  C3v
  1.00000  1.00000  1.00000 90.00000 90.00000 90.00000
 1  1   .500000   .500000
 S     1   .00000   .00000  2.01931
 N     1   .00000   .00000  -.02711
 C1    1  -.69185 -1.20775  -.49170
 C2    1  1.41391   .00000  -.46742
 C3    1  -.70285  1.22451  -.45182
 H11   1 -1.59827 -1.18850  -.19208
 H12   1  -.25155 -1.98166  -.12625
 H13   1  -.66182 -1.24143 -1.44602
 H21   1  1.84024   .79711  -.15340
 H22   1  1.44509  -.02873 -1.42720
 H23   1  1.85535  -.76897  -.10744
 H31   1  -.22753  1.99431  -.12604
 H32   1 -1.59164  1.22356  -.08100
 H33   1  -.75469  1.25489 -1.40468
