#fullerene  Ih
    1.000    1.000    1.000   90.000   90.000   90.000
 1 1   0.600   0.600
C1     1 1.269535 3.399148-0.604616  0.000000  0.000000  0.000000
C6     1 2.191949 2.527977-1.007705  0.000000  0.000000  0.000000
C7     1 2.780479 2.156787 0.141301  0.000000  0.000000  0.000000
C8     1 2.017072 2.532241 1.321017  0.000000  0.000000  0.000000
C9     1 0.874329 3.269577 0.895787  0.000000  0.000000  0.000000
C2     1 0.008149 3.370836-1.396914  0.000000  0.000000  0.000000
C3     1 0.007412 2.460765-2.558754  0.000000  0.000000  0.000000
C4     1 1.045276 1.625656-2.961506  0.000000  0.000000  0.000000
C5     1 2.170006 1.659855-2.173588  0.000000  0.000000  0.000000
C10    1-0.310673 3.074902 1.556940  0.000000  0.000000  0.000000
C11    1-1.512985 3.007674 0.795129  0.000000  0.000000  0.000000
C12    1-1.361738 3.220654-0.548252  0.000000  0.000000  0.000000
C13    1-2.072795 2.425048-1.491158  0.000000  0.000000  0.000000
C14    1-1.332963 2.006930-2.584149  0.000000  0.000000  0.000000
C15    1-1.604789 0.676585-3.113379  0.000000  0.000000  0.000000
C16    1-0.512818-0.104460-3.485431  0.000000  0.000000  0.000000
C17    1 0.791163 0.278667-3.417614  0.000000  0.000000  0.000000
C18    1 1.911503-0.443551-2.937706  0.000000  0.000000  0.000000
C19    1 2.815409 0.365763-2.050698  0.000000  0.000000  0.000000
C20    1 3.414780-0.020541-0.832169  0.000000  0.000000  0.000000
C21    1 3.372130 0.857280 0.313612  0.000000  0.000000  0.000000
C22    1 3.263011-0.113275 1.409727  0.000000  0.000000  0.000000
C23    1 2.477943 0.325218 2.474890  0.000000  0.000000  0.000000
C24    1 1.922502 1.683693 2.395908  0.000000  0.000000  0.000000
C25    1 0.703903 1.536634 3.108013  0.000000  0.000000  0.000000
C26    1-0.372705 2.201322 2.733656  0.000000  0.000000  0.000000
C27    1-1.702443 1.718022 2.549886  0.000000  0.000000  0.000000
C28    1-2.450144 2.170453 1.334727  0.000000  0.000000  0.000000
C29    1-3.204728 1.380875 0.376118  0.000000  0.000000  0.000000
C30    1-3.080372 1.476009-0.954199  0.000000  0.000000  0.000000
C31    1-3.223319 0.084187-1.482462  0.000000  0.000000  0.000000
C32    1-2.506193-0.386902-2.535767  0.000000  0.000000  0.000000
C33    1-1.913067-1.708087-2.441448  0.000000  0.000000  0.000000
C34    1-0.668354-1.559657-3.091607  0.000000  0.000000  0.000000
C35    1 0.452810-2.273982-2.698024  0.000000  0.000000  0.000000
C36    1 1.797376-1.739879-2.469489  0.000000  0.000000  0.000000
C37    1 2.501828-2.152242-1.253696  0.000000  0.000000  0.000000
C38    1 3.166988-1.442555-0.308188  0.000000  0.000000  0.000000
C39    1 2.960782-1.475816 1.026048  0.000000  0.000000  0.000000
C40    1 2.058308-2.428550 1.459207  0.000000  0.000000  0.000000
C41    1 1.242161-1.969422 2.600011  0.000000  0.000000  0.000000
C42    1 1.563750-0.673928 3.064539  0.000000  0.000000  0.000000
C43    1 0.516123 0.148233 3.504576  0.000000  0.000000  0.000000
C44    1-0.827317-0.260367 3.460989  0.000000  0.000000  0.000000
C45    1-1.913474 0.403797 2.938658  0.000000  0.000000  0.000000
C46    1-2.871866-0.336392 2.060763  0.000000  0.000000  0.000000
C47    1-3.399487-0.011233 0.864612  0.000000  0.000000  0.000000
C48    1-3.390125-0.807066-0.279215  0.000000  0.000000  0.000000
C49    1-2.767485-2.164358-0.153194  0.000000  0.000000  0.000000
C50    1-2.068875-2.499859-1.375595  0.000000  0.000000  0.000000
C51    1-0.856228-3.298732-0.930697  0.000000  0.000000  0.000000
C52    1 0.264061-3.106897-1.588921  0.000000  0.000000  0.000000
C53    1 1.482971-3.086127-0.821595  0.000000  0.000000  0.000000
C54    1 1.363896-3.203005 0.576580  0.000000  0.000000  0.000000
C55    1 0.159257-3.275196 1.232823  0.000000  0.000000  0.000000
C56    1-0.041040-2.472572 2.573709  0.000000  0.000000  0.000000
C57    1-1.053682-1.611087 2.977256  0.000000  0.000000  0.000000
C58    1-2.247130-1.575833 2.199783  0.000000  0.000000  0.000000
C59    1-2.234499-2.533324 1.065442  0.000000  0.000000  0.000000
C60    1-1.065552-3.309794 0.535939  0.000000  0.000000  0.000000
