 1 1 1 90 90 90
   1   1   0.50000   0.50000
C4     1 -0.29432 -0.13656 -2.61425
C5     1  0.31507  1.07498 -2.29616
C7     1 -1.63152 -0.05253 -2.24644
C3     1  0.22063 -1.32080 -2.09480
C6     1 -0.67231  1.93560 -1.82640
C5     1  1.57313  1.07542 -1.70175
C6     1 -1.83615  1.19111 -1.65653
C7     1 -1.95973 -1.21044 -1.55092
C3     1  1.47891 -1.32036 -1.50028
C4     1 -0.82549 -2.01048 -1.48865
C4     1  2.20651 -0.13569 -1.43265
C7     1 -0.45935  2.65873 -0.65668
C6     1  1.83673  1.93647 -0.64092
C5     1 -2.19524  1.26859 -0.31440
C4     1  1.67534 -2.00961 -0.30705
C6     1 -2.49138 -1.12047 -0.26804
C5     1 -0.68548 -2.45487 -0.17592
C7     1  2.77144 -0.05100 -0.16611
C7     1  0.79746  2.65917 -0.06285
C4     1 -1.38096  2.22474  0.28817
C6     1  2.44496  1.19261  0.36623
C5     1 -2.52378  0.10953  0.38180
C5     1  0.57258 -2.45443  0.41850
C7     1  2.44323 -1.20891  0.52940
C6     1 -1.79031 -2.00861  0.54273
C4     1  0.65303  2.22545  1.24920
C3     1 -0.68547  1.90021  1.44938
C5     1  1.63613  1.26992  1.49586
C4     1 -2.03405 -0.07928  1.67210
C6     1  0.71873 -2.00773  1.72821
C6     1  1.78973 -1.11898  1.75471
C7     1 -1.60917 -1.39773  1.77988
C3     1 -1.01407  0.74096  2.14570
C5     1  1.30759  0.11087  2.19206
C7     1 -0.35236 -1.39729  2.37371
C4     1 -0.00006 -0.07857  2.63313
