# Adamantane Td
 1 1 1 90 90 90
   1   1   0.50000   0.50000
C1     1  0.00000  0.00000 -1.53906
C21    1  1.45218  0.00000 -1.02646
C22    1 -0.72609  1.25763 -1.02646
C23    1 -0.72609 -1.25763 -1.02646
C31    1  1.45218  0.00000  0.51354
C32    1 -0.72609  1.25763  0.51354
C33    1 -0.72609 -1.25763  0.51354
C41    1 -1.45218  0.00000  1.02614
C42    1  0.72609 -1.25763  1.02614
C43    1  0.72609  1.25763  1.02614
H1     1  0.00000  0.00000 -2.61907
H211   1  1.96121 -0.88181 -1.38659
H212   1  1.96121  0.88181 -1.38659
H221   1 -0.21693  2.13936 -1.38659
H222   1 -1.74428  1.25755 -1.38659
H231   1 -1.74428 -1.25755 -1.38659
H232   1 -0.21693 -2.13936 -1.38659
H31    1  2.47012  0.00000  0.87439
H32    1 -1.23506  2.13919  0.87439
H33    1 -1.23506 -2.13919  0.87439
H411   1 -2.47015  0.00000  0.66536
H412   1 -1.45301  0.00000  2.10615
H421   1  1.23507  2.13921  0.66536
H422   1  0.72651  1.25834  2.10615
H431   1  1.23507 -2.13921  0.66536
H432   1  0.72651 -1.25834  2.10615
