# ferrocene, P.Seiler,J.D.Dunitz (1982) Acta Crystallogr., B38, 1741
# D5h
     6.987     8.995    12.196    90.000    90.000    90.000
 1 1 .04 .04
Fe1    1  0.23550  0.25000  0.50400
C1     1  0.50180  0.25000  0.57560
C2     1  0.39540  0.37860  0.60840
C3     1  0.22380  0.32980  0.66240
C4     1 -0.00170  0.17090  0.42370
C5     1  0.16770  0.12190  0.37010
H1     1  0.63800  0.25000  0.53390
H2     1  0.43680  0.49280  0.59490
H3     1  0.11430  0.40040  0.69680
H4     1  0.20990  0.00770  0.35710
H5     1 -0.11120  0.10030  0.45840
C1B    1  0.27160  0.25000  0.33620
C2B    1  0.16770  0.37810  0.37010
C3B    1 -0.00170  0.32910  0.42370
C4B    1  0.39540  0.12140  0.60840
C5B    1  0.22380  0.17020  0.66240
H1B    1  0.40620  0.25000  0.29250
H2B    1  0.20990  0.49230  0.35710
H3B    1 -0.11120  0.39970  0.45840
H4B    1  0.43680  0.00720  0.59490
H5B    1  0.11430  0.09960  0.69680
