# Td 
  1.00000  1.00000  1.00000 90.00000 90.00000 90.00000
 1  1  1.000000  1.000000
CO1    1   .33956   .82438 -1.31446
CO2    1   .37942 -1.43432  -.26540
 O1    1  1.15491  2.31803 -3.54423
 O2    1   .54638 -4.25148  -.70472
 N1    1   .76213  1.69778 -2.64375
 N2    1   .60149 -3.11768  -.53782
 N3    1  1.68723  -.14539  -.35030
 N4    1  -.94269  -.54052 -1.30642
 C1    1  3.13878  -.25326  -.64291
 C2    1  3.79187 -1.18071   .37091
 C3    1  3.29004  -.81958 -2.03381
 C4    1  3.74497  1.12443  -.61406
 C5    1 -1.78923 -1.06815 -2.40678
 C6    1 -2.52908   .06331 -3.06617
 C7    1  -.88758 -1.71771 -3.44944
 C8    1 -2.76241 -2.09526 -1.84011
 H1    1  3.68751  -.79965  1.28788
 H2    1  3.36390 -2.08353   .31939
 H3    1  4.76387 -1.26161   .15043
 H4    1  2.85856  -.20284 -2.69320
 H5    1  2.89021 -1.73530 -2.06678
 H6    1  4.27025  -.87468 -2.22545
 H7    1  3.29121  1.70364 -1.29200
 H8    1  3.65117  1.51135   .30291
 H9    1  4.71462  1.04235  -.84279
 H10   1 -3.12940   .50300 -2.39854
 H11   1 -1.87248   .72461 -3.43090
 H12   1 -3.07898  -.30720 -3.81417
 H13   1  -.38223 -2.47397 -3.03114
 H14   1  -.25209 -1.03414 -3.81417
 H15   1 -1.45859 -2.06712 -4.19126
 H16   1 -2.25120 -2.83862 -1.40739
 H17   1 -3.34983 -1.65791 -1.15806
 H18   1 -3.32873 -2.46577 -2.57781
 N5    1  -.14539  1.68723   .35030
CO3    1   .82438   .33956  1.31446
 N6    1  -.54052  -.94269  1.30642
CO4    1 -1.43432   .37942   .26541
 C9    1  -.25326  3.13878   .64291
 N7    1  1.69778   .76213  2.64375
 C10   1 -1.06815 -1.78923  2.40678
 N8    1 -3.11768   .60149   .53782
 C11   1 -1.18071  3.79187  -.37091
 C12   1  -.81958  3.29004  2.03381
 C13   1  1.12443  3.74497   .61406
 O3    1  2.31803  1.15491  3.54423
 C14   1   .06331 -2.52908  3.06617
 C15   1 -1.71771  -.88758  3.44945
 C16   1 -2.09526 -2.76241  1.84012
 O4    1 -4.25148   .54638   .70473
 H19   1  -.79965  3.68751 -1.28787
 H20   1 -2.08353  3.36390  -.31939
 H21   1 -1.26161  4.76387  -.15042
 H22   1  -.20284  2.85856  2.69321
 H23   1 -1.73530  2.89021  2.06678
 H24   1  -.87468  4.27025  2.22545
 H25   1  1.70364  3.29121  1.29200
 H26   1  1.51135  3.65117  -.30291
 H27   1  1.04235  4.71462   .84279
 H28   1   .50300 -3.12940  2.39854
 H29   1   .72461 -1.87248  3.43090
 H30   1  -.30720 -3.07898  3.81417
 H31   1 -2.47397  -.38223  3.03114
 H32   1 -1.03414  -.25209  3.81417
 H33   1 -2.06712 -1.45859  4.19126
 H34   1 -2.83862 -2.25120  1.40739
 H35   1 -1.65791 -3.34983  1.15806
 H36   1 -2.46577 -3.32873  2.57781
