# C76:2  29.10.1998 From Rudolf Hundt
 1 1 1 90 90 90
   1   1   0.50000   0.50000
C1     1 -1.92782  0.24820 -3.50976
C2     1 -2.96124 -0.29081 -2.64951
C3     1 -3.46016  0.81703 -1.82188
C4     1 -2.84952 -1.67322 -2.22528
C5     1 -3.88062  0.58937 -0.50842
C6     1  0.42866  0.10259 -3.98777
C7     1 -0.86995 -0.49675 -3.88497
C8     1  0.59081  1.41060 -3.70914
C9     1  1.42887 -0.87653 -3.61435
C10    1 -0.72070 -1.86859 -3.44419
C11    1 -0.53521  2.20353 -3.30977
C12    1  0.71984 -2.12651 -3.30444
C13    1 -1.75523  1.64047 -3.21319
C14    1  1.77230  1.89381 -3.02422
C15    1  2.63566 -0.40970 -2.95918
C16    1  2.80239  0.93524 -2.67269
C17    1 -1.76178 -2.43921 -2.61108
C18    1 -0.09158  3.20634 -2.36314
C19    1  1.19474 -2.98467 -2.30854
C20    1  1.36055  3.04188 -2.20349
C21    1 -2.67555  2.01378 -2.15860
C22    1  3.11492 -1.42150 -2.03718
C23    1  2.42115 -2.67641 -1.71299
C24    1 -1.18296 -3.40505 -1.69696
C25    1  0.25340 -3.67687 -1.54139
C26    1  3.45834  1.34883 -1.44705
C27    1 -1.01060  3.62033 -1.32030
C28    1 -2.26507  3.04137 -1.22100
C29    1  1.97269  3.29078 -0.97177
C30    1 -3.42351 -1.82727 -0.90228
C31    1  3.79796 -0.98646 -0.83604
C32    1  3.06185  2.49197 -0.61205
C33    1  3.96011  0.32155 -0.55742
C34    1 -1.79371 -3.56712 -0.39341
C35    1  2.65238 -2.95886 -0.28893
C36    1 -0.26832  3.97313 -0.12529
C37    1  0.50407 -3.95035 -0.11887
C38    1 -3.92660 -0.73334 -0.05884
C39    1 -2.85158 -2.82218 -0.01820
C40    1  1.18221  3.81561  0.05462
C41    1 -2.85229  2.78057  0.07926
C42    1  3.51853 -1.91522  0.22012
C43    1 -3.63849  1.59076  0.43623
C44    1 -0.77453 -3.89655  0.55996
C45    1  1.68944 -3.55473  0.61727
C46    1  3.28150  2.11607  0.79211
C47    1  3.85327  0.78506  0.79532
C48    1 -0.88839  3.73584  1.16224
C49    1 -2.10841  3.17278  1.25882
C50    1 -2.95842 -2.35867  1.33453
C51    1 -3.60035 -1.06004  1.33688
C52    1  1.41872  3.42783  1.45280
C53    1  3.41816 -1.47976  1.49099
C54    1  3.59075 -0.08750  1.78757
C55    1 -3.31482  1.24322  1.82751
C56    1 -0.87490 -3.46109  1.83083
C57    1  2.44062  2.50481  1.90805
C58    1  1.58624 -3.10698  1.92403
C59    1  0.13079  3.40641  2.11560
C60    1 -2.00092 -2.66816  2.23020
C61    1 -2.38784  2.24402  2.31498
C62    1 -3.21130 -0.10366  2.35546
C63    1  2.43980 -2.03657  2.40275
C64    1  0.29149 -3.02806  2.57281
C65    1  2.72549  0.26802  2.89366
C66    1  2.17069  1.60762  2.92832
C67    1 -0.13173  2.53386  3.10785
C68    1 -1.43034  1.93453  3.21065
C69    1 -1.57238 -1.71553  3.23389
C70    1 -2.22675 -0.42189  3.27642
C71    1  2.02456 -0.95577  3.30865
C72    1 -0.14320 -1.95623  3.48025
C73    1  0.86271  1.57979  3.55435
C74    1 -1.28686  0.58772  3.72452
C75    1  0.71320 -0.89548  3.78874
C76    1  0.14491  0.36786  3.97532
