# c(180) Ih
 1 1 1 90 90 90
   1   1   0.50000   0.50000
C  1   1  0.23604 -1.07155 -6.48782
C  2   1 -1.09393 -0.27566 -6.39968
C  3   1 -0.89465  1.22234 -6.38349
C  4   1  1.55428 -0.41573 -6.38022
C  5   1  0.39326  1.86307 -6.27836
C  6   1  1.70232  1.11545 -6.17142
C  7   1 -0.01039 -2.52099 -5.98941
C  8   1 -2.43800 -0.79772 -5.92377
C  9   1 -1.90288  2.16584 -5.89193
C 10   1  2.78586 -1.12987 -5.76116
C 11   1  0.18033  3.20222 -5.72188
C 12   1 -2.60631 -2.28407 -5.61696
C 13   1  1.25513 -3.23243 -5.56952
C 14   1 -1.25953  3.44154 -5.54472
C 15   1 -1.32427 -3.10559 -5.50207
C 16   1  2.85384  1.83493 -5.49180
C 17   1  2.54303 -2.59171 -5.46439
C 18   1 -3.53675  0.22897 -5.39543
C 19   1 -3.22472  1.73838 -5.33950
C 20   1  3.96757 -0.47294 -5.07011
C 21   1  4.09318  1.04888 -5.07009
C 22   1  1.23363  3.95637 -4.97557
C 23   1  2.62396  3.29388 -4.89253
C 24   1 -3.75264 -2.68500 -4.78361
C 25   1  1.26842 -4.40575 -4.69117
C 26   1 -1.81516  4.39899 -4.57320
C 27   1 -1.30991 -4.38550 -4.55227
C 28   1  3.35164 -3.36937 -4.52112
C 29   1 -4.67204 -0.26325 -4.47592
C 30   1 -3.90412  2.71902 -4.36308
C 31   1 -4.71860 -1.73434 -4.21349
C 32   1  0.03004 -5.00614 -4.10715
C 33   1  2.59912 -4.55438 -4.08371
C 34   1  4.98449  1.66166 -4.07041
C 35   1  4.85080 -1.32059 -4.04938
C 36   1  0.73257  5.02574 -3.98460
C 37   1 -3.14942  4.05034 -3.91754
C 38   1 -3.71810 -3.80757 -3.83467
C 39   1  3.56991  3.83706 -3.80314
C 40   1  4.48839 -2.78815 -3.74322
C 41   1 -0.83044  5.20402 -3.72824
C 42   1 -2.53084 -4.70024 -3.66519
C 43   1 -5.02587  2.13154 -3.48255
C 44   1 -5.40919  0.63843 -3.46479
C 45   1  4.73052  2.96653 -3.44217
C 46   1  5.73102  0.89330 -3.06335
C 47   1 -5.34168 -2.31850 -3.02233
C 48   1  5.71110 -0.59993 -2.99241
C 49   1  1.75112  5.50305 -2.92935
C 50   1  2.84234 -5.25230 -2.80972
C 51   1  0.21200 -5.81042 -2.80459
C 52   1 -4.72314 -3.60024 -2.78813
C 53   1  3.16132  4.90220 -2.76518
C 54   1 -3.56360  4.75184 -2.63617
C 55   1 -1.30746  5.87425 -2.45200
C 56   1  4.84869 -3.50371 -2.42610
C 57   1 -2.45041 -5.49277 -2.34450
C 58   1 -5.41095  2.92673 -2.27650
C 59   1 -6.08106  0.00402 -2.16609
C 60   1  5.40945  3.03011 -2.14472
C 61   1  1.64179 -5.87804 -2.10343
C 62   1 -1.06755 -6.07091 -1.98381
C 63   1 -6.01607 -1.49720 -1.94778
C 64   1  3.96078 -4.72436 -1.91413
C 65   1  6.02798  1.74837 -1.91053
C 66   1 -4.72108  4.15434 -1.86985
C 67   1 -2.70294  5.72650 -1.78804
C 68   1  1.19227  6.21178 -1.73749
C 69   1  6.12010 -1.22900 -1.64490
C 70   1 -0.24485  6.38123 -1.50446
C 71   1 -4.67313 -4.28005 -1.43930
C 72   1  5.70944 -2.69940 -1.43061
C 73   1  3.89512  4.96709 -1.35175
C 74   1 -3.53957 -5.26246 -1.20381
C 75   1 -6.11528  2.34910 -1.12232
C 76   1  5.01904  3.99269 -1.04699
C 77   1 -6.45765  0.92141 -1.00494
C 78   1  1.73619 -6.23040 -0.62950
C 79   1 -6.15498 -2.24861 -0.59644
C 80   1 -0.87287 -6.47712 -0.55824
C 81   1  6.36199  1.20984 -0.53851
C 82   1  1.91914  6.34616 -0.46648
C 83   1 -4.91854  4.31838 -0.45056
C 84   1  3.99232 -5.10799 -0.44533
C 85   1  6.43661 -0.29938 -0.38946
C 86   1 -5.52188 -3.56054 -0.35673
C 87   1 -2.90505  5.89441 -0.33532
C 88   1  3.24011  5.74598 -0.21332
C 89   1 -0.44232  6.54527 -0.08517
C 90   1  5.73036 -3.19206 -0.01922
C 91   1 -5.73036  3.19206  0.01922
C 92   1  0.44232 -6.54527  0.08517
C 93   1 -3.24011 -5.74598  0.21332
C 94   1  2.90505 -5.89441  0.33532
C 95   1  5.52188  3.56054  0.35673
C 96   1 -6.43661  0.29938  0.38946
C 97   1 -3.99232  5.10799  0.44533
C 98   1  4.91854 -4.31838  0.45056
C 99   1 -1.91914 -6.34616  0.46648
C100   1 -6.36199 -1.20984  0.53851
C101   1  0.87287  6.47712  0.55824
C102   1  6.15498  2.24861  0.59644
C103   1 -1.73619  6.23040  0.62950
C104   1  6.45765 -0.92141  1.00494
C105   1 -5.01904 -3.99269  1.04699
C106   1  6.11528 -2.34910  1.12232
C107   1  3.53957  5.26246  1.20381
C108   1 -3.89512 -4.96709  1.35175
C109   1 -5.70944  2.69940  1.43061
C110   1  4.67313  4.28005  1.43930
C111   1  0.24485 -6.38123  1.50446
C112   1 -6.12010  1.22900  1.64490
C113   1 -1.19227 -6.21178  1.73749
C114   1  2.70294 -5.72650  1.78804
C115   1  4.72108 -4.15434  1.86985
C116   1 -6.02798 -1.74837  1.91053
C117   1 -3.96078  4.72436  1.91413
C118   1  6.01607  1.49720  1.94778
C119   1  1.06755  6.07091  1.98381
C120   1 -1.64179  5.87804  2.10343
C121   1 -5.40945 -3.03011  2.14472
C122   1  6.08106 -0.00402  2.16609
C123   1  5.41095 -2.92673  2.27650
C124   1  2.45041  5.49277  2.34450
C125   1 -4.84869  3.50371  2.42610
C126   1  1.30746 -5.87425  2.45200
C127   1  3.56360 -4.75184  2.63617
C128   1 -3.16132 -4.90220  2.76519
C129   1  4.72314  3.60024  2.78813
C130   1 -0.21200  5.81042  2.80459
C131   1 -2.84234  5.25230  2.80972
C132   1 -1.75112 -5.50305  2.92935
C133   1 -5.71110  0.59993  2.99241
C134   1  5.34168  2.31850  3.02233
C135   1 -5.73102 -0.89330  3.06335
C136   1 -4.73052 -2.96653  3.44217
C137   1  5.40919 -0.63843  3.46479
C138   1  5.02587 -2.13154  3.48255
C139   1  2.53084  4.70024  3.66519
C140   1  0.83044 -5.20402  3.72824
C141   1 -4.48839  2.78815  3.74322
C142   1 -3.56991 -3.83706  3.80314
C143   1  3.71810  3.80757  3.83467
C144   1  3.14942 -4.05034  3.91754
C145   1 -0.73257 -5.02574  3.98460
C146   1 -4.85080  1.32059  4.04938
C147   1 -4.98449 -1.66166  4.07041
C148   1 -2.59912  4.55438  4.08371
C149   1 -0.03004  5.00614  4.10715
C150   1  4.71860  1.73434  4.21349
C151   1  3.90412 -2.71902  4.36308
C152   1  4.67204  0.26325  4.47592
C153   1 -3.35164  3.36937  4.52112
C154   1  1.30991  4.38550  4.55227
C155   1  1.81516 -4.39899  4.57320
C156   1 -1.26842  4.40575  4.69117
C157   1  3.75264  2.68500  4.78361
C158   1 -2.62396 -3.29388  4.89253
C159   1 -1.23363 -3.95637  4.97557
C160   1 -4.09318 -1.04888  5.07009
C161   1 -3.96757  0.47294  5.07011
C162   1  3.22472 -1.73838  5.33950
C163   1  3.53675 -0.22897  5.39543
C164   1 -2.54303  2.59171  5.46439
C165   1 -2.85384 -1.83493  5.49180
C166   1  1.32427  3.10559  5.50207
C167   1  1.25953 -3.44154  5.54472
C168   1 -1.25513  3.23243  5.56952
C169   1  2.60631  2.28407  5.61696
C170   1 -0.18033 -3.20222  5.72188
C171   1 -2.78586  1.12987  5.76116
C172   1  1.90288 -2.16584  5.89193
C173   1  2.43800  0.79772  5.92377
C174   1  0.01039  2.52099  5.98941
C175   1 -1.70232 -1.11545  6.17142
C176   1 -0.39326 -1.86307  6.27836
C177   1 -1.55428  0.41573  6.38022
C178   1  0.89465 -1.22234  6.38349
C179   1  1.09393  0.27566  6.39968
C180   1 -0.23604  1.07155  6.48782
