#icosahedron Ih
  1.00000  1.00000  1.00000 90.00000 90.00000 90.00000
 1 1   .100000 1.000000
C1pi   1  0.00000  1.00000 -0.61803 
C2pi   1 -1.00000  0.61803  0.00000
C3pi   1 -0.61803  0.00000  1.00000
C4pi   1  0.61803  0.00000  1.00000
C5pi   1  1.00000  0.61803  0.00000
C1i    1  0.00000  1.00000  0.61803  
C1ps   1  0.61803  0.00000 -1.00000
C2ps   1 -0.61803  0.00000 -1.00000
C3ps   1 -1.00000 -0.61803  0.00000
C4ps   1  0.00000 -1.00000  0.61803
C5ps   1  1.00000 -0.61803  0.00000
C1s    1  0.00000 -1.00000 -0.61803
