#D3h
 1 1 1 90 90 90
   1   1   0.50000   0.50000
C1     1  0.78545 -0.76826 -3.61427
C2     1  1.18469 -1.96877 -3.02495
C3     1  2.32894 -2.02567 -2.23371
C4     1  3.10198 -0.90071 -1.90634
C5     1  2.10068 -2.96807 -1.26489
C6     1 -0.81899  2.83712 -2.33057
C7     1  2.62427 -2.83311  0.00239
C8     1 -2.08156  2.67486 -1.75424
C9     1  2.93899  2.53449  0.09996
C10    1 -0.58651 -0.53273 -3.71511
C11    1 -1.09902  0.75364 -3.56945
C12    1  1.61053  0.34111 -3.42340
C13    1  1.06661  1.61499 -3.28191
C14    1 -0.31329  1.86830 -3.23713
C15    1 -1.50344 -1.44004 -3.19104
C16    1 -2.33693  0.62983 -2.99405
C17    1  2.74870  0.25119 -2.62647
C18    1 -2.58493 -0.71537 -2.76200
C19    1  1.88812  2.31029 -2.43307
C20    1  0.24244 -2.85555 -2.51075
C21    1 -1.13441 -2.58568 -2.46882
C22    1  2.91960  1.47398 -2.03114
C23    1 -2.81708  1.57860 -2.11788
C24    1  1.38493  3.24989 -1.55996
C25    1  0.04561  3.52091 -1.47180
C26    1 -3.31087 -1.09983 -1.65585
C27    1  0.82120 -3.47697 -1.43477
C28    1 -1.88940 -2.96908 -1.32901
C29    1 -3.55193  1.18596 -1.02399
C30    1  3.43873  1.58473 -0.75968
C31    1 -2.98059 -2.20172 -0.91303
C32    1  3.63315 -0.77256 -0.59576
C33    1 -3.79726 -0.14476 -0.79444
C34    1  1.91861  3.36179 -0.29764
C35    1 -2.37332  2.96023 -0.41170
C36    1  0.07669 -3.84638 -0.33586
C37    1 -0.24615  3.80629 -0.12927
C38    1  3.78492  0.48917 -0.01475
C39    1 -1.26572 -3.59209 -0.24482
C40    1 -3.28264  2.03397  0.02440
C41    1  3.37262 -1.74726  0.37103
C42    1  0.91938  3.70527  0.58232
C43    1 -1.43549  3.44014  0.50632
C44    1 -3.27235 -1.91634  0.42951
C45    1 -3.77643 -0.64446  0.48643
C46    1  0.61294 -3.72045  0.92404
C47    1  1.87865 -3.21703  1.09209
C48    1  3.49316  0.77455  1.32779
C49    1  2.97317  2.04010  1.38260
C50    1 -1.55748 -3.30672  1.09772
C51    1 -3.27284  1.54527  1.31260
C52    1 -3.52084  0.20007  1.54465
C53    1 -2.50591 -2.36606  1.50789
C54    1  3.08086 -1.46188  1.71357
C55    1  0.95221  3.22572  1.87357
C56    1 -1.41614  2.94703  1.83773
C57    1 -0.38887 -3.39101  1.80642
C58    1  2.15871 -2.37774  2.14468
C59    1  1.98369  2.38942  2.27550
C60    1  3.01664 -0.16954  2.24114
C61    1 -2.36043  1.98745  2.23500
C62    1 -0.19480  2.84880  2.52254
C63    1 -2.76485 -0.20622  2.61341
C64    1 -2.23727 -1.50695  2.60604
C65    1 -0.11471 -2.56153  2.87187
C66    1  1.16476 -2.05264  3.04175
C67    1  1.48729  1.48501  3.17798
C68    1 -2.05898  0.90753  3.06053
C69    1  1.99912  0.17802  3.16852
C70    1  0.13806  1.78137  3.35224
C71    1 -1.01897 -1.62174  3.29370
C72    1  1.06753 -0.79186  3.57074
C73    1 -0.78545  0.76826  3.61427
C74    1 -0.28779 -0.52851  3.75070
