# C476 Td  from Rudolf Hundt - Bonn
 1 1 1 90 90 90
   1   1   0.50000   0.50000
C1     1 12.16955 -6.67732 -3.12487
C2     1 12.13987 -5.40858 -3.69204
C3     1 11.97177 -4.48405 -2.66803
C4     1 11.31748 -3.27678 -2.80798
C5     1 10.60855 -3.03687 -4.00166
C6     1 10.80495 -3.31201 -0.44986
C7     1  9.76433 -1.93816 -4.07653
C8     1 10.07358 -2.78278  0.61144
C9     1  9.66207 -1.45203  0.56076
C10    1  9.74384 -1.01065 -3.03378
C11    1  8.94036 -0.91805  1.62566
C12    1  8.49017  0.39676  1.56208
C13    1  8.94016  0.12150 -3.14383
C14    1  8.75027  0.94055 -2.03440
C15    1  8.13175  0.28316 -4.26565
C16    1  7.96612  1.01909  2.69058
C17    1  7.31876  2.24450  2.56289
C18    1  8.01212  2.11145 -2.16196
C19    1  7.31053  1.40056 -4.36078
C20    1  7.75133  2.80383 -0.98525
C21    1  7.23750  2.29709 -3.30108
C22    1  7.19286  4.07185 -0.87410
C23    1  6.38221  3.38996 -3.38008
C24    1  6.29734  4.32844 -2.15361
C25    1  5.38523  3.49526 -4.34292
C26    1  4.35142  4.53393 -4.29381
C27    1 -6.89186  3.17814-12.03540
C28    1 -5.64174  3.78518-12.00431
C29    1 -6.70568  1.80563-11.91779
C30    1 -4.68324  2.78807-11.86769
C31    1 -5.34086  1.56453-11.81421
C32    1 -3.47479  2.95232-11.22127
C33    1 -4.78656  0.51169-11.11460
C34    1 -7.60708  3.61109-10.92486
C35    1 -5.58447  4.59319-10.87495
C36    1 -2.77200  1.80655-10.81531
C37    1 -3.42938  0.58345-10.76186
C38    1 -7.30583  1.39046-10.73497
C39    1 -3.26645  4.13702-10.48773
C40    1 -5.63136 -0.26308-10.29542
C41    1 -6.79923  4.48558-10.20775
C42    1 -4.42981  4.86516-10.16928
C43    1 -1.54903  1.96162-10.16598
C44    1 -7.86298  2.50640-10.12125
C45    1 -2.85930 -0.47625-10.05943
C46    1 -6.86880  0.32724 -9.97095
C47    1 -0.86875  0.83278 -9.71237
C48    1 -1.20192  3.21604 -9.66334
C49    1 -1.52693 -0.39181 -9.65884
C50    1 -2.16257  4.22849 -9.65193
C51    1 -3.69392 -1.42051 -9.46069
C52    1 -5.06732 -1.17602 -9.41572
C53    1  0.35919  0.98499 -9.07283
C54    1 -0.95209 -1.45474 -8.96620
C55    1 -0.06615  3.34465 -8.86756
C56    1 -4.54644  5.36065 -8.86069
C57    1 -6.85292  4.65052 -8.83841
C58    1 -7.98015  2.55322 -8.74675
C59    1  0.78988  2.25829 -8.71016
C60    1 -7.29823  0.24074 -8.63693
C61    1 -3.14465 -2.38314 -8.61723
C62    1 -2.16610  5.14724 -8.60125
C63    1  1.02246 -0.13422 -8.58002
C64    1  0.36430 -1.35878 -8.52650
C65    1 -1.76134 -2.48846 -8.50270
C66    1 -5.79615 -1.60673 -8.30606
C67    1 -5.76076  5.25308 -8.19374
C68    1 -3.38679  5.64256 -8.14160
C69    1  2.33886 -0.03826 -8.14032
C70    1 -7.63496  3.75004 -8.08836
C71    1  0.06727  4.45280 -8.03550
C72    1  1.02758 -2.47799 -8.03370
C73    1 -7.85518  1.35626 -8.02343
C74    1  1.96319  2.40710 -7.97985
C75    1 -6.86623 -0.83119 -7.85866
C76    1 -1.03084  5.27688 -7.80492
C77    1  2.69547  1.24785 -7.75194
C78    1 -1.21055 -3.49788 -7.72177
C79    1 -3.96351 -3.04677 -7.70773
C80    1  0.16766 -3.45532 -7.54639
C81    1 -5.24799 -2.56946 -7.46199
C82    1  2.91268 -1.10064 -7.44816
C83    1  2.25449 -2.32527 -7.39464
C84    1  4.28613 -1.04507 -7.23005
C85    1  1.18896  4.56564 -7.22240
C86    1  3.97176  1.16528 -7.20752
C87    1  2.11969  3.53408 -7.18139
C88    1  2.97485 -3.48480 -7.12342
C89    1  0.96127 -4.43595 -6.96272
C90    1 -3.40826 -3.98782 -6.84856
C91    1 -2.03356 -4.19335 -6.84366
C92    1 -3.49094  6.08489 -6.82392
C93    1 -5.80716  5.42815 -6.81224
C94    1  4.81342  0.15279 -6.76188
C95    1  4.95152 -2.16570 -6.74333
C96    1 -7.52829  3.75318 -6.70486
C97    1  4.29336 -3.39025 -6.68981
C98    1 -1.09319  6.02999 -6.63587
C99    1 -7.97632  1.39227 -6.63585
C100   1  2.28561 -4.55038 -6.55632
C101   1 -7.24416 -0.89826 -6.51871
C102   1  3.21771  3.62924 -6.33437
C103   1  6.27004 -2.07114 -6.30972
C104   1  4.19583  2.43213 -6.28566
C105   1 -5.86707 -2.85216 -6.24767
C106   1  4.95876 -4.51087 -6.20309
C107   1 -4.70675  5.97719 -6.15615
C108   1  1.17138  5.43351 -6.13678
C109   1 -2.33323  6.37777 -6.10702
C110   1  6.01699  0.31114 -6.08484
C111   1 -6.76937  4.73947 -6.07295
C112   1  6.99142 -3.23123 -6.03801
C113   1  6.33324 -4.45582 -5.98449
C114   1 -7.90742  2.62204 -5.98041
C115   1 -1.47543 -5.10268 -5.95274
C116   1  0.06360 -5.25620 -5.94964
C117   1  6.77895 -0.83828 -5.91048
C118   1 -7.80179  0.21863 -5.90447
C119   1  0.05738  6.22435 -5.88052
C120   1  2.84325 -5.59385 -5.82676
C121   1 -6.82244 -1.97475 -5.74197
C122   1 -4.10119 -4.37651 -5.70803
C123   1  4.22772 -5.58503 -5.70302
C124   1  8.29785 -3.12959 -5.56291
C125   1  6.98757 -5.56745 -5.45636
C126   1 -5.36585 -3.86597 -5.43951
C127   1  3.30173  4.57251 -5.31688
C128   1  5.39807  2.50191 -5.31513
C129   1  9.02169 -4.29123 -5.30218
C130   1  2.27762  5.51218 -5.29883
C131   1  6.24475  1.40127 -5.25307
C132   1  8.36431 -5.51433 -5.24872
C133   1  7.93026 -0.78979 -5.12953
C134   1  8.73448 -1.92145 -5.01842
C135   1  0.70493 -6.23001 -4.93350
C136   1  2.09149 -6.32616 -4.91534
C137   1  4.85175 -6.51758 -4.87919
C138   1 -2.17751 -5.62203 -4.87132
C139   1 -3.52512 -5.28425 -4.82696
C140   1  6.24248 -6.55800 -4.81578
C141   1 -2.42886  6.77859 -4.77825
C142   1 -4.75545  6.16320 -4.77664
C143   1 10.31771 -4.17893 -4.77376
C144   1 -6.71752  4.77313 -4.68156
C145   1  9.00595 -6.61955 -4.66709
C146   1 -0.11093  6.86892 -4.66058
C147   1 -7.85617  2.65459 -4.58897
C148   1 11.02830 -5.33539 -4.52310
C149   1 -7.93339  0.25041 -4.51822
C150   1 10.37069 -6.55893 -4.46962
C151   1 -7.16071 -2.02537 -4.39347
C152   1 -5.95120 -3.99735 -4.18566
C153   1 -1.31802  7.28629 -4.11211
C154   1 -3.64462  6.67090 -4.11050
C155   1  2.18840  6.45291 -4.07440
C156   1 -5.80588  5.61253 -4.04747
C157   1  2.71331 -7.15290 -3.98695
C158   1 -7.37847  3.79323 -3.94600
C159   1  4.10097 -7.21641 -3.93787
C160   1 -0.09401 -6.69927 -3.89736
C161   1 -8.02853  1.47713 -3.86673
C162   1  6.85957 -7.34267 -3.84032
C163   1  0.89486  7.32815 -3.81819
C164   1 -1.52829 -6.40571 -3.81568
C165   1  8.24364 -7.43697 -3.80935
C166   1 -7.71831 -0.90851 -3.77924
C167   1 -6.94563 -3.18429 -3.65449
C168   1 11.07592 -7.38813 -3.60552
C169   1 -4.31326 -5.64392 -3.54570
C170   1 -5.74738 -5.03023 -3.27805
C171   1  4.36733  5.53406 -3.22166
C172   1  3.39276  6.51843 -3.10620
C173   1  0.57947 -7.40648 -2.90821
C174   1  1.96493 -7.51292 -2.87233
C175   1  4.72300 -7.72484 -2.80090
C176   1 -3.74025  7.07172 -2.78173
C177   1  6.11379 -7.76462 -2.73859
C178   1 -1.36724  7.47183 -2.73365
C179   1 -2.31337 -6.89587 -2.67840
C180   1 -5.80523  5.70502 -2.66054
C181   1  8.87849 -7.81470 -2.60965
C182   1 -7.30312  3.81339 -2.55821
C183   1 -3.66729 -6.61731 -2.53210
C184   1  0.97229  7.84637 -2.53071
C185   1 10.25041 -7.68677 -2.52805
C186   1 -8.05471  1.51969 -2.47762
C187   1 -8.05657 -0.95912 -2.43074
C188   1 -7.07715 -3.15189 -2.26933
C189   1  5.31699  5.52354 -2.20670
C190   1 -0.32210  8.18497 -2.15389
C191   1 -4.78034  6.45529 -2.09595
C192   1 -2.58308  7.36412 -2.06586
C193   1  3.28113  7.33725 -1.98852
C194   1 -6.08930 -5.29226 -1.95648
C195   1 -6.50060  4.75390 -1.92302
C196   1 -7.61992  2.67131 -1.83200
C197   1 -8.09281  0.29219 -1.82659
C198   1  2.13069  8.09521 -1.80391
C199   1 10.22173 -1.39356 -1.78010
C200   1 12.01957 -6.53663 -1.75010
C201   1  2.58889 -7.97887 -1.72095
C202   1 -7.63479 -2.03497 -1.65507
C203   1 10.87928 -2.61503 -1.64972
C204   1  3.97640 -7.94160 -1.64620
C205   1 -1.74306 -7.61221 -1.63259
C206   1 -0.20432 -7.76839 -1.62491
C207   1 -7.07260 -4.37484 -1.60496
C208   1  6.74230 -7.86731 -1.49716
C209   1 11.89741 -5.18129 -1.46773
C210   1  8.12749 -7.73494 -1.42595
C211   1 10.83366 -7.16047 -1.38123
C212   1 -4.37017 -6.89855 -1.36634
C213   1 -5.63017 -6.34445 -1.17281
C214   1  5.22220  6.33364 -1.08114
C215   1  4.31982  7.39079 -1.06640
C216   1 -0.41935  8.59188 -0.82709
C217   1 -2.74432  7.97040 -0.82351
C218   1  9.08863  0.47223 -0.76771
C219   1 -4.66618  6.83554 -0.76384
C220   1  9.73650 -0.75419 -0.64056
C221   1  1.96990  8.79399 -0.61311
C222   1 -6.39163  4.74423 -0.53733
C223   1  1.91106 -8.06243 -0.51033
C224   1 -8.29793  0.07839 -0.46852
C225   1 -2.42910 -7.90216 -0.45896
C226   1 -7.50124  2.67972 -0.44710
C227   1 11.16916 -4.66757 -0.41373
C228   1 -3.80741 -7.73053 -0.40551
C229   1  4.59942 -7.88028 -0.40266
C230   1 -8.18354 -2.14968 -0.38121
C231   1  5.98327 -7.73734 -0.33536
C232   1  0.55062 -8.28653 -0.33397
C233   1 10.04192 -6.76487 -0.32206
C234   1  8.71053 -7.20883 -0.27955
C235   1 -7.41690 -4.42758 -0.25806
C236   1  0.68987  9.10567 -0.16292
C237   1 -1.63511  8.48419 -0.15934
C238   1  6.03162  6.07828  0.01964
C239   1 -3.69712  7.43274  0.03392
C240   1 -6.25758 -6.51385  0.05593
C241   1  4.19183  8.17462  0.07434
C242   1 -5.44475  5.77675  0.11804
C243   1  6.71660  4.87634  0.15455
C244   1  3.05891  8.96728  0.23647
C245   1 -6.81964  3.67593  0.24219
C246   1  8.11439  2.40938  0.29720
C247   1 -7.81418  1.36825  0.31071
C248   1 10.34114 -5.54428  0.31482
C249   1 -7.97450 -3.31072  0.35616
C250   1  8.56459  1.09457  0.36079
C251   1 -8.23091 -1.00272  0.40259
C252   1 -7.20786 -5.58863  0.47931
C253   1 -1.72924 -8.36138  0.65074
C254   1 -0.34499 -8.26228  0.72878
C255   1  3.83274 -7.70939  0.74558
C256   1  2.48678 -8.06120  0.75483
C257   1 -4.48935 -7.97737  0.78028
C258   1  7.90441 -6.81867  0.78783
C259   1  6.56703 -7.21059  0.81244
C260   1 -5.76939 -7.45843  0.95437
C261   1  0.52913  9.71242  1.08047
C262   1  5.03350  7.94634  1.15952
C263   1 -1.73236  8.89110  1.16746
C264   1  5.82430  6.80112  1.18868
C265   1  9.43587 -5.01793  1.22529
C266   1  7.16305  4.31487  1.34515
C267   1  7.39318  2.94236  1.36154
C268   1  2.91585  9.73296  1.39104
C269   1 -3.73192  7.57588  1.41607
C270   1  9.46206 -3.65279  1.51467
C271   1  8.32401 -5.77022  1.60721
C272   1 -5.27649  5.75048  1.65530
C273   1 -6.50971  3.57182  1.67156
C274   1 -8.31880 -3.36346  1.70306
C275   1 -0.68667  9.60472  1.74824
C276   1 -7.75668 -5.70395  1.75426
C277   1  1.64938 10.18697  1.76066
C278   1 -8.31904 -0.95879  1.78908
C279   1  1.68327 -7.68136  1.82585
C280   1 -7.64341  1.34666  1.84777
C281   1 -2.40318 -8.50673  1.85772
C282   1 -3.79480 -8.47937  1.87742
C283   1  5.76243 -6.83084  1.88409
C284   1  4.41647 -7.18265  1.89334
C285   1  0.41255 -8.24494  1.89408
C286   1 -2.74278  8.37653  1.97528
C287   1 -6.44404 -7.68181  2.15217
C288   1 -4.39085  6.65764  2.22523
C289   1  4.88940  8.71257  2.31360
C290   1 -5.75404  4.63748  2.33740
C291   1  3.93742  9.73284  2.34206
C292   1 -8.31431 -4.58705  2.36850
C293   1  6.20087  6.25627  2.41328
C294   1 -6.95550  2.40208  2.43510
C295   1 -8.41904 -2.18457  2.43686
C296   1  8.59206 -3.14249  2.47512
C297   1  6.64504  4.93933  2.47526
C298   1 -7.50829 -6.85154  2.50534
C299   1 -7.88889  0.14927  2.50969
C300   1  7.45341 -5.26104  2.56771
C301   1  8.46180 -1.76439  2.62216
C302   1  6.23915 -5.89980  2.80290
C303   1  2.26704 -7.15459  2.97369
C304   1  1.48542 10.80353  2.99934
C305   1  3.64979 -7.01175  3.04157
C306   1 -0.35252 -8.08013  3.04428
C307   1 -1.69685 -8.43803  3.05551
C308   1 -4.47050 -8.70221  3.07473
C309   1 -0.77099  9.97256  3.09003
C310   1  7.67598 -3.99048  3.09142
C311   1 -5.84501 -8.46808  3.13754
C312   1 -2.62777  8.46353  3.35982
C313   1  3.82989 10.54043  3.46532
C314   1  5.41102  8.24205  3.51910
C315   1  5.89639  6.93734  3.58948
C316   1 -4.17225  6.63854  3.59779
C317   1  7.46551  0.12372  3.62855
C318   1  7.65325 -1.25352  3.63082
C319   1  0.27110 10.69596  3.66629
C320   1  6.57061  4.24152  3.67654
C321   1 -5.40196  4.57402  3.68058
C322   1  2.62434 11.23051  3.70081
C323   1 -8.61838 -4.62808  3.72816
C324   1  7.01477  2.92458  3.73852
C325   1 -8.06723 -6.96989  3.77614
C326   1 -6.65927  2.23470  3.78282
C327   1  5.40377 -5.43885  3.81374
C328   1 -8.37757 -2.23439  3.82738
C329   1 -7.70227  0.07068  3.88484
C330   1  4.15304 -6.03937  3.89791
C331   1 -1.68742  9.32519  3.91934
C332   1  6.79070 -3.47365  4.03015
C333   1 -3.25391  7.51505  4.16384
C334   1  1.57555 -7.19549  4.18083
C335   1  0.23122 -7.55339  4.19205
C336   1 -2.38942 -8.47902  4.26326
C337   1 -3.74664 -8.79645  4.26378
C338   1 -4.51741  5.47088  4.26824
C339   1  6.76788 -2.10640  4.27951
C340   1 -6.53607 -8.74620  4.30825
C341   1  5.64855 -4.18899  4.37054
C342   1 -8.62418 -5.85436  4.38964
C343   1 -5.71267  3.26456  4.44277
C344   1 -6.89613  1.04509  4.46167
C345   1 -8.55532 -3.45304  4.47782
C346   1 -7.90431 -1.13737  4.54200
C347   1 -7.76813 -8.10546  4.54590
C348   1  4.57912 10.21981  4.61460
C349   1  6.85245  0.87998  4.62070
C350   1  5.11745  8.92564  4.69718
C351   1  6.43077  2.19623  4.76835
C352   1  5.82197  6.23951  4.79080
C353   1  6.05260  4.86598  4.80665
C354   1  3.22069 -5.87717  4.91603
C355   1  2.45117 11.84419  4.92498
C356   1  0.20122 11.01586  5.03168
C357   1  1.89698 -6.23922  5.13703
C358   1  5.85154 -1.58595  5.18592
C359   1  4.74193 -3.65046  5.27615
C360   1 -1.42831  9.25753  5.28913
C361   1 -0.53384 -7.38858  5.34225
C362   1  5.83009 -0.05277  5.38863
C363   1 -1.80567 -7.95227  5.41106
C364   1 -2.75653  7.25628  5.43811
C365   1 -5.81335 -9.11615  5.45969
C366   1 -4.43520 -8.84778  5.47398
C367   1 -3.98627  5.19086  5.52187
C368   1  3.46066 -4.46127  5.58130
C369   1  1.23640 11.73658  5.59218
C370   1  4.76567 -2.31411  5.65791
C371   1 -6.32391  0.84152  5.71196
C372   1 -8.87949 -5.87947  5.77010
C373   1  4.29586 10.89041  5.78731
C374   1 -8.33030 -8.21552  5.80170
C375   1  5.67276  2.71331  5.81242
C376   1 -7.36767 -1.32310  5.81308
C377   1  5.53583  4.09618  5.84524
C378   1 -8.30598 -3.53889  5.84840
C379   1 -0.53863 10.15346  5.86468
C380   1 -5.07683  2.98497  5.86491
C381   1  3.45263 11.99153  5.87733
C382   1  5.04312  8.22865  5.89704
C383   1  5.26286  6.85283  5.91064
C384   1 -1.81611  8.11857  5.99653
C385   1 -2.99411  6.01996  6.03210
C386   1 -4.07168  3.92068  6.07990
C387   1 -5.29300  1.64832  6.17922
C388   1  1.08564 -5.82136  6.18543
C389   1 -0.14043 -6.46492  6.30682
C390   1 -6.44771 -0.40573  6.31294
C391   1  4.78632  0.54763  6.35930
C392   1 -8.88744 -7.09959  6.41543
C393   1  3.68658 -1.70004  6.43796
C394   1 -7.54595 -2.54223  6.46247
C395   1  4.75257  1.93015  6.49946
C396   1 -8.53967 -4.73308  6.51531
C397   1 -2.58452 -7.74781  6.54877
C398   1  2.41940 -3.85619  6.55178
C399   1 -3.85216 -8.32167  6.62038
C400   1 -6.48560 -9.16930  6.66403
C401   1  4.68540  4.68235  6.77847
C402   1  3.74777 -0.27532  6.77916
C403   1  1.25453 -4.57822  6.78391
C404   1 -7.86512 -9.06599  6.79766
C405   1  4.60761  6.07042  6.86205
C406   1  2.54632 -2.51071  6.87686
C407   1  1.48728 11.81743  6.95677
C408   1 -2.09170  5.52169  6.96789
C409   1  4.22150 10.19317  6.98760
C410   1  4.43080  8.82901  7.00886
C411   1 -1.01627  7.67271  7.04922
C412   1 -3.23239  3.39401  7.05473
C413   1  0.07376  9.82071  7.08913
C414   1  2.85705 11.97513  7.13323
C415   1 -4.35528  1.30478  7.14605
C416   1 -3.15430  2.00803  7.15463
C417   1 -5.50021 -0.82009  7.24507
C418   1 -1.06440 -6.01557  7.24603
C419   1 -2.09574  4.16505  7.27604
C420   1  3.79999  2.51658  7.32453
C421   1 -1.03664  6.32319  7.39738
C422   1 -2.26028 -6.70781  7.42053
C423   1  3.73606  3.90098  7.43140
C424   1 -4.36144 -0.05046  7.46028
C425   1  2.73662  0.36607  7.48508
C426   1  0.03428  8.47535  7.48907
C427   1 -6.69449 -2.89205  7.51096
C428   1  1.11612 10.60874  7.53375
C429   1  1.47931 -1.97325  7.58732
C430   1  0.26998 -4.05127  7.61159
C431   1  2.68494  1.74699  7.63509
C432   1  3.60896  6.65307  7.64387
C433   1 -2.01288  1.41788  7.68820
C434   1 -7.87971 -4.97732  7.73589
C435   1 -4.64991 -8.06632  7.74728
C436   1 -5.56923 -2.11002  7.76596
C437   1  3.56248  8.03303  7.78180
C438   1 -8.76652 -7.26053  7.79059
C439   1  1.45323 -0.44049  7.79257
C440   1 -0.91435 -4.75144  7.80956
C441   1 -0.95440  3.57493  7.80958
C442   1 -5.90234 -8.64299  7.81085
C443   1  3.33232 10.86348  7.81927
C444   1  0.30622 -2.67880  7.82852
C445   1  0.10474  5.73306  7.93093
C446   1  2.58206  4.49603  7.93371
C447   1 -3.22010 -0.64058  7.99382
C448   1  2.50539  5.88420  8.01668
C449   1  1.17426  7.88594  8.02197
C450   1 -8.13475 -8.47594  8.02706
C451   1  0.18225  4.34597  8.03089
C452   1 -6.76658 -4.17815  8.04210
C453   1  2.25652 10.01911  8.06685
C454   1  1.51746  2.34522  8.09467
C455   1  1.43010  3.73248  8.10026
C456   1  1.25594  6.49789  8.11140
C457   1 -0.95843  2.21829  8.11773
C458   1  0.31191  1.65421  8.12907
C459   1  2.34855  8.64456  8.15251
C460   1 -3.26871 -6.14334  8.20315
C461   1 -2.08133  0.12906  8.20904
C462   1 -0.90941 -0.61816  8.22839
C463   1 -7.94398 -6.24825  8.27050
C464   1 -0.82017 -2.00412  8.28476
C465   1 -4.42785 -2.70016  8.29951
C466   1  0.14379  0.28571  8.30536
C467   1 -3.22626 -1.99581  8.30806
C468   1 -2.02909 -4.08335  8.30868
C469   1 -2.02351 -2.69321  8.38110
C470   1 -4.43857 -6.85351  8.43243
C471   1 -3.22446 -4.77661  8.48262
C472   1 -4.42228 -4.06687  8.57314
C473   1 -5.62660 -4.76757  8.57500
C474   1 -6.92148 -8.21449  8.65308
C475   1 -5.60493 -6.15348  8.79927
C476   1 -6.80357 -6.83788  8.80359
