 1.00000   1.00000   1.00000  90.00000  90.00000  90.00000       
 1 1 .5 1.
# NI38.DAT   Oh
NI1    1  -.54896 -1.35346 -1.495442                      
NI2    1   .18274 -1.93574   .705245                      
NI3    1  1.23748   .24616 -1.646457                      
NI4    1 -1.96508   .33763  -.555629                      
NI5    1 -2.05010 -2.76229  1.822841                      
NI6    1  3.61523  1.09508  -.899433                      
NI7    1 -3.12159 -1.89835 -1.369030                      
NI8    1 -1.55335 -3.56179  -.438499                      
NI9    1  2.07559 -2.08649  2.503640                      
NI10   1 -2.35655  -.29165 -3.083409                      
NI11   1  -.02866  -.36684 -3.880255                      
NI12   1  -.24898 -2.00217  3.315650                      
NI13   1  1.54031 -2.03024 -2.972469                      
NI14   1   .75719 -3.60522 -1.260101                      
NI15   1  2.58157 -2.89619   .226982                      
NI16   1  3.35226 -1.29068 -1.473317                      
 O17  -1 -4.79735 -2.98636  2.754144                      
 O18  -1  5.95051  1.80939   .662229                      
 O19  -1 -3.71217 -4.64539 -2.084180                      
 O20  -1 -1.88332 -5.64893  1.572028                      
 O21  -1  4.32022 -1.52753  4.219411                      
 O22  -1 -2.03888 -1.04704 -5.873452                      
 O23  -1  1.03802  1.27824 -6.009612                      
 O24  -1  1.37732 -4.12581  4.428294                      
 O25  -1  1.35333 -4.81958 -3.834146                      
 O26  -1  2.32743 -5.77029  -.193412                      
 O27  -1  5.31563 -3.28139  -.662236                      
 O28  -1  4.19606 -2.02726 -4.128128                      
 O29  -1 -2.07490 -3.90179  4.459239                      
 O30  -1  5.90584  -.14444 -2.116673                      
 O31  -1 -4.64144 -1.87611 -3.817126                      
 O32  -1  -.71756 -6.07436 -1.584411                      
 O33  -1  3.92678 -4.31361  2.344115                      
 O34  -1  1.31448 -1.98933 -5.844053                      
 C35  -1  -.69181   .55629 -2.091917                      
 C36  -1  1.35038 -1.60624  -.905158                      
 C37  -1 -1.70278 -1.51392   .151629                      
 C38  -1 -3.93029 -2.52390  2.147613                      
 C39  -1  4.81611  1.65679   .485841                      
 C40  -1 -3.11892 -3.79483 -1.562749                      
 C41  -1 -1.87278 -4.56459  1.166640                      
 C42  -1  3.40881 -1.24888  3.578839                      
 C43  -1 -1.66424  -.76440 -4.822853                      
 C44  -1   .61307  1.07439 -4.945088                      
 C45  -1  1.16468 -3.20888  3.759871                      
 C46  -1  1.25359 -3.93855 -3.086813                      
 C47  -1  2.03446 -4.67385  -.340404                      
 C48  -1  4.29478 -2.75549  -.637479                      
 C49  -1  3.41846 -1.88406 -3.294147                      
 C50  -1 -1.66775 -3.24188  3.608237                      
 C51  -1  4.84834  -.12790 -1.703550                      
 C52  -1 -3.80731 -1.53590 -3.127042                      
 C53  -1  -.58967 -4.95790 -1.278050                      
 C54  -1  3.25085 -3.50275  1.901597                      
 C55  -1  1.06348 -1.66440 -4.770247                      
NI56   1 -1.23747  -.24617  1.646451                      
NI57   1   .54896  1.35345  1.495437                      
NI58   1  -.18274  1.93573  -.705251                      
NI59   1  2.05011  2.76228 -1.822845                      
NI60   1  1.96509  -.33764   .555623                      
NI61   1  3.12159  1.89835  1.369025                      
NI62   1 -3.61522 -1.09508   .899428                      
NI63   1   .02867   .36684  3.880248                      
NI64   1  1.55336  3.56178   .438494                      
NI65   1 -2.07558  2.08648 -2.503645                      
NI66   1  -.75719  3.60522  1.260097                      
NI67   1  2.35656   .29164  3.083404                      
NI68   1 -1.54031  2.03023  2.972463                      
NI69   1   .24898  2.00216 -3.315655                      
 C70  -1  1.70278  1.51391  -.151636                      
 C71  -1   .69181  -.55630  2.091910                      
NI72   1 -3.35226  1.29067  1.473310                      
 C73  -1 -1.35038  1.60623   .905152                      
NI74   1 -2.58157  2.89618  -.226988                      
 C75  -1 -4.29477  2.75548   .637475                      
 C76  -1 -2.03446  4.67384   .340397                      
 C77  -1 -1.25358  3.93854  3.086806                      
 C78  -1 -3.41845  1.88405  3.294143                      
 C79  -1 -4.84833   .12789  1.703546                      
 C80  -1 -4.81611 -1.65680  -.485847                      
 C81  -1  3.93029  2.52389 -2.147618                      
 C82  -1  1.87278  4.56458 -1.166647                      
 C83  -1  3.11893  3.79482  1.562743                      
 C84  -1  3.80731  1.53590  3.127036                      
 C85  -1  -.61307 -1.07440  4.945083                      
 C86  -1  1.66425   .76439  4.822848                      
 O87  -1  2.03888  1.04703  5.873446                      
 C88  -1 -1.06348  1.66439  4.770242                      
 O89  -1 -1.31448  1.98932  5.844049                      
 O90  -1 -1.03801 -1.27825  6.009606                      
 O91  -1  4.64144  1.87611  3.817121                      
 O92  -1  3.71217  4.64538  2.084174                      
 C93  -1   .58967  4.95790  1.278045                      
 O94  -1   .71756  6.07436  1.584405                      
 O95  -1  1.88332  5.64893 -1.572032                      
 C96  -1  1.66776  3.24187 -3.608244                      
 O97  -1  2.07491  3.90178 -4.459245                      
 O98  -1  4.79736  2.98635 -2.754148                      
 C99  -1 -3.40880  1.24888 -3.578846                      
 C100 -1 -1.16467  3.20887 -3.759876                      
 O101 -1 -1.37732  4.12580 -4.428299                      
 C102 -1 -3.25085  3.50274 -1.901602                      
 O103 -1 -3.92677  4.31360 -2.344122                      
 O104 -1 -4.32021  1.52752 -4.219418                      
 O105 -1 -5.95050 -1.80940  -.662236                      
 O106 -1 -5.90583   .14443  2.116668                      
 O107 -1 -4.19605  2.02725  4.128123                      
 O108 -1 -1.35332  4.81957  3.834140                      
 O109 -1 -2.32743  5.77028   .193407                      
 O110 -1 -5.31563  3.28138   .662229                      
