# C100 (450)
 1 1 1 90 90 90
   1   1   0.50000   0.50000
C1     1 -0.23725 -0.74071 -4.26495
C2     1  1.10591  1.16680 -4.21484
C3     1  1.11661 -0.18324 -4.18841
C4     1 -0.17122  1.83313 -4.12371
C5     1 -1.53825 -0.10828 -4.05219
C6     1 -1.44245  1.31164 -3.97358
C7     1 -0.23408 -2.11351 -3.88180
C8     1  2.36402 -0.66622 -3.57671
C9     1  0.99785 -2.63409 -3.52410
C10    1  2.15045  1.86545 -3.49974
C11    1  0.12644  3.04380 -3.42692
C12    1 -1.43485 -2.60126 -3.40141
C13    1  2.28117 -1.99346 -3.34215
C14    1 -2.72128 -0.58375 -3.32714
C15    1 -2.44492  1.94219 -3.25675
C16    1 -2.66614 -1.91330 -3.09602
C17    1  1.50990  3.06481 -3.05628
C18    1  3.19644  1.39036 -2.72797
C19    1  3.37043 -0.02431 -2.72426
C20    1 -0.81414  3.58322 -2.61951
C21    1 -2.09557  3.15454 -2.58313
C22    1  1.00141 -3.67777 -2.54648
C23    1 -3.51784  1.40238 -2.45146
C24    1 -1.37481 -3.64102 -2.42403
C25    1 -3.63429  0.05876 -2.37257
C26    1  3.01405 -2.52683 -2.21905
C27    1 -0.16660 -4.05237 -1.97833
C28    1 -3.30271 -2.41543 -1.89879
C29    1  1.90182  3.62843 -1.89189
C30    1  2.20225 -3.61198 -1.76821
C31    1  3.68391  2.05036 -1.61549
C32    1 -0.38011  4.31253 -1.57566
C33    1 -2.48849 -3.53311 -1.52985
C34    1  4.03305 -0.50023 -1.51376
C35    1 -2.87573  3.29034 -1.38944
C36    1  3.79535 -1.88574 -1.27573
C37    1 -3.75539  2.17332 -1.25522
C38    1  3.00577  3.24250 -1.21434
C39    1  0.98130  4.33542 -1.21158
C40    1 -4.18231 -0.35917 -1.07148
C41    1 -3.96670 -1.75960 -0.87938
C42    1 -0.10949 -4.54776 -0.72874
C43    1  2.19134 -3.91906 -0.45180
C44    1 -1.14747  4.44378 -0.40067
C45    1  4.22674  1.53313 -0.38544
C46    1 -2.34570  3.84504 -0.27626
C47    1  4.32346  0.18883 -0.24420
C48    1 -2.35188 -3.84481 -0.22165
C49    1 -4.06274  1.76000  0.02831
C50    1  1.07096 -4.48092  0.03697
C51    1  3.88516 -2.29423  0.04321
C52    1 -1.20640 -4.44366  0.15118
C53    1 -4.31396  0.35959  0.17092
C54    1  1.05535  4.48081  0.18841
C55    1  3.08060  3.38827  0.20870
C56    1 -3.93530 -2.17294  0.44006
C57    1  3.05557 -3.38857  0.44169
C58    1 -0.25938  4.54778  0.68964
C59    1 -3.10343 -3.29004  0.75568
C60    1  3.80812  2.29385  0.77223
C61    1  2.04833  3.91885  0.90118
C62    1 -2.75356  3.53337  0.97423
C63    1  4.17619 -0.18926  1.14511
C64    1 -3.62713  2.41578  1.16427
C65    1  4.05187 -1.53354  1.26292
C66    1  0.70508 -4.33550  1.39033
C67    1 -0.70240 -4.31248  1.46092
C68    1 -4.05091 -0.05837  1.55799
C69    1 -3.95372 -1.40201  1.65953
C70    1  2.68410 -3.24279  1.81743
C71    1 -0.57721  4.05241  1.89949
C72    1  3.44377  1.88538  2.04303
C73    1 -1.85205  3.64118  2.08200
C74    1 -2.59083 -3.15431  2.08640
C75    1  1.78300  3.61178  2.19062
C76    1  1.46260 -3.62860  2.24850
C77    1  3.62615  0.49985  2.32559
C78    1  3.26319 -2.05070  2.35184
C79    1 -1.34554 -3.58311  2.39060
C80    1 -3.25574  1.91360  2.46834
C81    1 -3.07351 -1.94191  2.67183
C82    1 -3.35824  0.58405  2.68275
C83    1  0.44570  3.67770  2.69986
C84    1  2.48214  2.52655  2.80161
C85    1 -2.11576  2.60144  3.02507
C86    1  0.83535 -3.06493  3.30486
C87    1  2.55341 -1.39065  3.33742
C88    1  2.72445  0.02401  3.37028
C89    1 -0.59507 -3.04378  3.37725
C90    1 -2.24352 -1.31145  3.58289
C91    1 -2.35353  0.10847  3.63968
C92    1  0.23717  2.63403  3.65500
C93    1  1.53006  1.99327  3.74612
C94    1 -1.04242  2.11358  3.74650
C95    1  1.36882 -1.86562  3.87276
C96    1  1.56177  0.66602  3.99282
C97    1 -1.03206 -1.83307  3.99617
C98    1 -1.12597  0.74077  4.12046
C99    1  0.21379  0.18317  4.32942
C100   1  0.19765 -1.16686  4.35301
