# Td
 1 1 1 90 90 90
   1   1   0.50000   0.50000
C5     1 -0.49150 -0.49150 -2.19394
C5     1  0.49150  0.49150 -2.19394
C4     1  1.64617 -0.05630 -1.64617
C4     1  0.05630 -1.64617 -1.64617
C4     1 -1.64617  0.05630 -1.64617
C4     1 -0.05630  1.64617 -1.64617
C3     1  1.40518 -1.40518 -1.40518
C3     1 -1.40518  1.40518 -1.40518
C5     1  2.19394  0.49150 -0.49150
C5     1 -2.19394 -0.49150 -0.49150
C5     1  0.49150  2.19394 -0.49150
C5     1 -0.49150 -2.19394 -0.49150
C4     1  1.64617 -1.64617 -0.05630
C4     1 -1.64617  1.64617 -0.05630
C4     1 -1.64617 -1.64617  0.05630
C4     1  1.64617  1.64617  0.05630
C5     1  0.49150 -2.19394  0.49150
C5     1 -2.19394  0.49150  0.49150
C5     1  2.19394 -0.49150  0.49150
C5     1 -0.49150  2.19394  0.49150
C3     1 -1.40518 -1.40518  1.40518
C3     1  1.40518  1.40518  1.40518
C4     1  1.64617  0.05630  1.64617
C4     1 -0.05630 -1.64617  1.64617
C4     1  0.05630  1.64617  1.64617
C4     1 -1.64617 -0.05630  1.64617
C5     1 -0.49150  0.49150  2.19394
C5     1  0.49150 -0.49150  2.19394
