# C2v
#
#        N     N
#     C     C     C
#     
#     C     C     C
#        C     C
#
 6.135,10.407,11.258,90.,117.76,90
 1 3 20. 20.
N1     1   0.3228   0.4512   0.2064   0.0018   0.0008   0.0008
N2     1   0.2755   0.2680   0.0806   0.0018   0.0008   0.0008
C1     1   0.2250   0.5416   0.2479   0.0033   0.0011   0.0011
C2     1  -0.0265   0.5471   0.2164   0.0023   0.0011   0.0011
C3     1  -0.1826   0.4553   0.1354   0.0023   0.0011   0.0011
C4     1  -0.2363   0.2626  -0.0075   0.0023   0.0011   0.0011
C5     1  -0.1284   0.1745  -0.0524   0.0033   0.0011   0.0011
C6     1   0.1288   0.1810  -0.0040   0.0023   0.0011   0.0011
C7     1  -0.0889   0.3584   0.0836   0.0023   0.0011   0.0011
C8     1   0.1680   0.3586   0.1237   0.0023   0.0011   0.0011
H1     1   0.3313   0.6065   0.3024   0.0090   0.0060   0.0060
H2     1  -0.0863   0.6157   0.2533   0.0090   0.0060   0.0060
H3     1  -0.3581   0.4547   0.1143   0.0090   0.0060   0.0060
H4     1  -0.4137   0.2603  -0.0334   0.0090   0.0060   0.0060
H5     1  -0.2165   0.1117  -0.1149   0.0090   0.0060   0.0060
H6     1   0.2060   0.1212  -0.0322   0.0090   0.0060   0.0060
