#C30 Ih
  1.00000  1.00000  1.00000 90.00000 90.00000 90.00000
 1 1   .500000 1.000000
C 1    1  0.00000  2.00000  0.00000
C 2    1 -1.90211  0.61803  0.00000
C 3    1 -1.05146  0.00000 -1.70130
C 4    1 -1.17557 -1.61803  0.00000
C 5    1 -0.32492 -1.00000 -1.70130
C 6    1  1.17557 -1.61803  0.00000
C 7    1  0.85065 -0.61803 -1.70130
C 8    1  1.90211  0.61803  0.00000
C 9    1  0.85065  0.61803 -1.70130
C10    1 -0.32492  1.00000 -1.70130
C11    1  0.52573 -1.61803 -1.05146
C12    1  1.70130  0.00000 -1.05146
C13    1  0.52573  1.61803 -1.05146
C14    1 -1.37638  1.00000 -1.05146
C15    1 -1.37638 -1.00000 -1.05146
C16    1  1.37638 -1.00000  1.05146
C17    1  1.37638  1.00000  1.05146
C18    1 -0.52573  1.61803  1.05146
C19    1 -1.70130  0.00000  1.05146
C20    1 -0.52573 -1.61803  1.05146
C21    1  0.32492  1.00000  1.70130
C22    1 -0.85065  0.61803  1.70130
C23    1 -0.85065 -0.61803  1.70130
C24    1  0.32492 -1.00000  1.70130
C25    1  1.05146  0.00000  1.70130
C26    1  1.17557  1.61803  0.00000
C27    1 -1.17557  1.61803  0.00000
C28    1 -1.90211 -0.61803  0.00000
C29    1  0.00000 -2.00000  0.00000
C30    1  1.90211 -0.61803  0.00000
